Time_10km	CumEQ_10km	Time_20km	CumEQ_20km	Time_30km	CumEQ_30km	Time_40km	CumEQ_40km	Time_50km	CumEQ_50km	Time_100km	CumEQ_100km	Time_150km	CumEQ_150km
1994.576918	1	1993.047308	1	1993.047308	1	1993.047308	1	1993.047308	1	1992.196362	1	1992.036388	1
2001.868291	1	1994.576918	1	1993.719768	1	1993.719768	1	1993.20454	1	1992.211565	1	1992.057997	1
2001.868291	2	1994.576918	2	1993.719768	2	1993.719768	2	1993.20454	2	1992.211565	2	1992.057997	2
2002.089801	2	1997.459074	2	1994.576918	2	1994.004777	2	1993.719768	2	1992.258247	2	1992.173502	2
2002.089801	3	1997.459074	3	1994.576918	3	1994.004777	3	1993.719768	3	1992.258247	3	1992.173502	3
2008.647658	3	1998.48482	3	1995.360345	3	1994.123788	3	1994.004777	3	1992.307191	3	1992.196362	3
2008.647658	4	1998.48482	4	1995.360345	4	1994.123788	4	1994.004777	4	1992.307191	4	1992.196362	4
2011.806832	4	2001.818571	4	1995.7472	4	1994.1606	4	1994.123788	4	1992.381969	4	1992.211565	4
2011.806832	5	2001.818571	5	1995.7472	5	1994.1606	5	1994.123788	5	1992.381969	5	1992.211565	5
2014.272355	5	2001.868291	5	1997.459074	5	1994.576918	5	1994.124248	5	1992.452067	5	1992.258247	5
2014.272355	6	2001.868291	6	1997.459074	6	1994.576918	6	1994.124248	6	1992.452067	6	1992.258247	6
2015.239082	6	2002.089801	6	1997.837383	6	1994.665778	6	1994.1606	6	1992.575908	6	1992.294009	6
2015.239082	7	2002.089801	7	1997.837383	7	1994.665778	7	1994.1606	7	1992.575908	7	1992.294009	7
2020	7	2004.1795	7	1998.48482	7	1994.695459	7	1994.437031	7	1992.629943	7	1992.307191	7
NaN	NaN	2004.1795	8	1998.48482	8	1994.695459	8	1994.437031	8	1992.629943	8	1992.307191	8
NaN	NaN	2006.99691	8	1999.080666	8	1995.360345	8	1994.46511	8	1992.734402	8	1992.308272	8
NaN	NaN	2006.99691	9	1999.080666	9	1995.360345	9	1994.46511	9	1992.734402	9	1992.308272	9
NaN	NaN	2007.132394	9	2000.76701	9	1995.7472	9	1994.576918	9	1992.779052	9	1992.31418	9
NaN	NaN	2007.132394	10	2000.76701	10	1995.7472	10	1994.576918	10	1992.779052	10	1992.31418	10
NaN	NaN	2007.173606	10	2000.954682	10	1995.925488	10	1994.665778	10	1992.848179	10	1992.353648	10
NaN	NaN	2007.173606	11	2000.954682	11	1995.925488	11	1994.665778	11	1992.848179	11	1992.353648	11
NaN	NaN	2008.359396	11	2001.818571	11	1997.459074	11	1994.695459	11	1993.047308	11	1992.381969	11
NaN	NaN	2008.359396	12	2001.818571	12	1997.459074	12	1994.695459	12	1993.047308	12	1992.381969	12
NaN	NaN	2008.559338	12	2001.868291	12	1997.837383	12	1995.360345	12	1993.070104	12	1992.38851	12
NaN	NaN	2008.559338	13	2001.868291	13	1997.837383	13	1995.360345	13	1993.070104	13	1992.38851	13
NaN	NaN	2008.647658	13	2002.089801	13	1998.48482	13	1995.7472	13	1993.20454	13	1992.452067	13
NaN	NaN	2008.647658	14	2002.089801	14	1998.48482	14	1995.7472	14	1993.20454	14	1992.452067	14
NaN	NaN	2009.860576	14	2002.421926	14	1999.080666	14	1995.925488	14	1993.268948	14	1992.488702	14
NaN	NaN	2009.860576	15	2002.421926	15	1999.080666	15	1995.925488	15	1993.268948	15	1992.488702	15
NaN	NaN	2011.122697	15	2002.732201	15	2000.76701	15	1995.959497	15	1993.531888	15	1992.575908	15
NaN	NaN	2011.122697	16	2002.732201	16	2000.76701	16	1995.959497	16	1993.531888	16	1992.575908	16
NaN	NaN	2011.806832	16	2004.1795	16	2000.872358	16	1996.088893	16	1993.719768	16	1992.629943	16
NaN	NaN	2011.806832	17	2004.1795	17	2000.872358	17	1996.088893	17	1993.719768	17	1992.629943	17
NaN	NaN	2013.39126	17	2004.81613	17	2000.954682	17	1996.678615	17	1993.75048	17	1992.669226	17
NaN	NaN	2013.39126	18	2004.81613	18	2000.954682	18	1996.678615	18	1993.75048	18	1992.669226	18
NaN	NaN	2013.502551	18	2005.586477	18	2001.818571	18	1997.459074	18	1994.004271	18	1992.734402	18
NaN	NaN	2013.502551	19	2005.586477	19	2001.818571	19	1997.459074	19	1994.004271	19	1992.734402	19
NaN	NaN	2014.272355	19	2006.99691	19	2001.868291	19	1997.837383	19	1994.004777	19	1992.779052	19
NaN	NaN	2014.272355	20	2006.99691	20	2001.868291	20	1997.837383	20	1994.004777	20	1992.779052	20
NaN	NaN	2015.239082	20	2007.132394	20	2002.089801	20	1998.48482	20	1994.090017	20	1992.792214	20
NaN	NaN	2015.239082	21	2007.132394	21	2002.089801	21	1998.48482	21	1994.090017	21	1992.792214	21
NaN	NaN	2015.334986	21	2007.173606	21	2002.421926	21	1999.080666	21	1994.097145	21	1992.848179	21
NaN	NaN	2015.334986	22	2007.173606	22	2002.421926	22	1999.080666	22	1994.097145	22	1992.848179	22
NaN	NaN	2015.92971	22	2007.45184	22	2002.732201	22	2000.76701	22	1994.123788	22	1992.881266	22
NaN	NaN	2015.92971	23	2007.45184	23	2002.732201	23	2000.76701	23	1994.123788	23	1992.881266	23
NaN	NaN	2017.164856	23	2008.359396	23	2002.809736	23	2000.872358	23	1994.124248	23	1992.954229	23
NaN	NaN	2017.164856	24	2008.359396	24	2002.809736	24	2000.872358	24	1994.124248	24	1992.954229	24
NaN	NaN	2019.215293	24	2008.559338	24	2003.32654	24	2000.954682	24	1994.144654	24	1993.005292	24
NaN	NaN	2019.215293	25	2008.559338	25	2003.32654	25	2000.954682	25	1994.144654	25	1993.005292	25
NaN	NaN	2019.727473	25	2008.647658	25	2003.564602	25	2001.818571	25	1994.1606	25	1993.020699	25
NaN	NaN	2019.727473	26	2008.647658	26	2003.564602	26	2001.818571	26	1994.1606	26	1993.020699	26
NaN	NaN	2020	26	2009.860576	26	2004.1795	26	2001.868291	26	1994.411328	26	1993.047308	26
NaN	NaN	NaN	NaN	2009.860576	27	2004.1795	27	2001.868291	27	1994.411328	27	1993.047308	27
NaN	NaN	NaN	NaN	2011.122697	27	2004.52557	27	2001.932405	27	1994.428108	27	1993.070104	27
NaN	NaN	NaN	NaN	2011.122697	28	2004.52557	28	2001.932405	28	1994.428108	28	1993.070104	28
NaN	NaN	NaN	NaN	2011.806832	28	2004.81613	28	2002.089801	28	1994.437031	28	1993.20454	28
NaN	NaN	NaN	NaN	2011.806832	29	2004.81613	29	2002.089801	29	1994.437031	29	1993.20454	29
NaN	NaN	NaN	NaN	2012.477298	29	2005.586477	29	2002.421926	29	1994.46511	29	1993.268948	29
NaN	NaN	NaN	NaN	2012.477298	30	2005.586477	30	2002.421926	30	1994.46511	30	1993.268948	30
NaN	NaN	NaN	NaN	2013.39126	30	2006.281709	30	2002.447889	30	1994.576918	30	1993.374327	30
NaN	NaN	NaN	NaN	2013.39126	31	2006.281709	31	2002.447889	31	1994.576918	31	1993.374327	31
NaN	NaN	NaN	NaN	2013.502551	31	2006.296725	31	2002.732201	31	1994.625686	31	1993.444952	31
NaN	NaN	NaN	NaN	2013.502551	32	2006.296725	32	2002.732201	32	1994.625686	32	1993.444952	32
NaN	NaN	NaN	NaN	2014.272355	32	2006.591611	32	2002.809736	32	1994.630738	32	1993.531888	32
NaN	NaN	NaN	NaN	2014.272355	33	2006.591611	33	2002.809736	33	1994.630738	33	1993.531888	33
NaN	NaN	NaN	NaN	2014.785946	33	2006.99691	33	2003.32654	33	1994.665778	33	1993.579779	33
NaN	NaN	NaN	NaN	2014.785946	34	2006.99691	34	2003.32654	34	1994.665778	34	1993.579779	34
NaN	NaN	NaN	NaN	2015.239082	34	2007.132394	34	2003.510715	34	1994.695459	34	1993.719768	34
NaN	NaN	NaN	NaN	2015.239082	35	2007.132394	35	2003.510715	35	1994.695459	35	1993.719768	35
NaN	NaN	NaN	NaN	2015.334986	35	2007.173606	35	2003.526558	35	1994.868727	35	1993.743832	35
NaN	NaN	NaN	NaN	2015.334986	36	2007.173606	36	2003.526558	36	1994.868727	36	1993.743832	36
NaN	NaN	NaN	NaN	2015.92971	36	2007.338451	36	2003.549997	36	1995.048949	36	1993.75048	36
NaN	NaN	NaN	NaN	2015.92971	37	2007.338451	37	2003.549997	37	1995.048949	37	1993.75048	37
NaN	NaN	NaN	NaN	2017.164856	37	2007.45184	37	2003.564602	37	1995.360345	37	1993.913372	37
NaN	NaN	NaN	NaN	2017.164856	38	2007.45184	38	2003.564602	38	1995.360345	38	1993.913372	38
NaN	NaN	NaN	NaN	2019.215293	38	2007.546671	38	2004.1795	38	1995.370044	38	1993.996429	38
NaN	NaN	NaN	NaN	2019.215293	39	2007.546671	39	2004.1795	39	1995.370044	39	1993.996429	39
NaN	NaN	NaN	NaN	2019.598839	39	2008.359396	39	2004.52557	39	1995.441242	39	1994.004271	39
NaN	NaN	NaN	NaN	2019.598839	40	2008.359396	40	2004.52557	40	1995.441242	40	1994.004271	40
NaN	NaN	NaN	NaN	2019.727473	40	2008.39372	40	2004.609606	40	1995.449722	40	1994.004777	40
NaN	NaN	NaN	NaN	2019.727473	41	2008.39372	41	2004.609606	41	1995.449722	41	1994.004777	41
NaN	NaN	NaN	NaN	2020	41	2008.559338	41	2004.81613	41	1995.54979	41	1994.026108	41
NaN	NaN	NaN	NaN	NaN	NaN	2008.559338	42	2004.81613	42	1995.54979	42	1994.026108	42
NaN	NaN	NaN	NaN	NaN	NaN	2008.647658	42	2005.26444	42	1995.550848	42	1994.090017	42
NaN	NaN	NaN	NaN	NaN	NaN	2008.647658	43	2005.26444	43	1995.550848	43	1994.090017	43
NaN	NaN	NaN	NaN	NaN	NaN	2009.558202	43	2005.586477	43	1995.7472	43	1994.097145	43
NaN	NaN	NaN	NaN	NaN	NaN	2009.558202	44	2005.586477	44	1995.7472	44	1994.097145	44
NaN	NaN	NaN	NaN	NaN	NaN	2009.860576	44	2006.072768	44	1995.765564	44	1994.123788	44
NaN	NaN	NaN	NaN	NaN	NaN	2009.860576	45	2006.072768	45	1995.765564	45	1994.123788	45
NaN	NaN	NaN	NaN	NaN	NaN	2011.122697	45	2006.281709	45	1995.925488	45	1994.124248	45
NaN	NaN	NaN	NaN	NaN	NaN	2011.122697	46	2006.281709	46	1995.925488	46	1994.124248	46
NaN	NaN	NaN	NaN	NaN	NaN	2011.806832	46	2006.296725	46	1995.959497	46	1994.144654	46
NaN	NaN	NaN	NaN	NaN	NaN	2011.806832	47	2006.296725	47	1995.959497	47	1994.144654	47
NaN	NaN	NaN	NaN	NaN	NaN	2012.430309	47	2006.591611	47	1996.088893	47	1994.1606	47
NaN	NaN	NaN	NaN	NaN	NaN	2012.430309	48	2006.591611	48	1996.088893	48	1994.1606	48
NaN	NaN	NaN	NaN	NaN	NaN	2012.477298	48	2006.99691	48	1996.357014	48	1994.27371	48
NaN	NaN	NaN	NaN	NaN	NaN	2012.477298	49	2006.99691	49	1996.357014	49	1994.27371	49
NaN	NaN	NaN	NaN	NaN	NaN	2013.39126	49	2007.132394	49	1996.616235	49	1994.393345	49
NaN	NaN	NaN	NaN	NaN	NaN	2013.39126	50	2007.132394	50	1996.616235	50	1994.393345	50
NaN	NaN	NaN	NaN	NaN	NaN	2013.502551	50	2007.138842	50	1996.678615	50	1994.394777	50
NaN	NaN	NaN	NaN	NaN	NaN	2013.502551	51	2007.138842	51	1996.678615	51	1994.394777	51
NaN	NaN	NaN	NaN	NaN	NaN	2014.272355	51	2007.173606	51	1996.74319	51	1994.396583	51
NaN	NaN	NaN	NaN	NaN	NaN	2014.272355	52	2007.173606	52	1996.74319	52	1994.396583	52
NaN	NaN	NaN	NaN	NaN	NaN	2014.785946	52	2007.338451	52	1996.808974	52	1994.411328	52
NaN	NaN	NaN	NaN	NaN	NaN	2014.785946	53	2007.338451	53	1996.808974	53	1994.411328	53
NaN	NaN	NaN	NaN	NaN	NaN	2015.239082	53	2007.45184	53	1997.022784	53	1994.428108	53
NaN	NaN	NaN	NaN	NaN	NaN	2015.239082	54	2007.45184	54	1997.022784	54	1994.428108	54
NaN	NaN	NaN	NaN	NaN	NaN	2015.334986	54	2007.546671	54	1997.459074	54	1994.437031	54
NaN	NaN	NaN	NaN	NaN	NaN	2015.334986	55	2007.546671	55	1997.459074	55	1994.437031	55
NaN	NaN	NaN	NaN	NaN	NaN	2015.89839	55	2008.051414	55	1997.721449	55	1994.46511	55
NaN	NaN	NaN	NaN	NaN	NaN	2015.89839	56	2008.051414	56	1997.721449	56	1994.46511	56
NaN	NaN	NaN	NaN	NaN	NaN	2015.92971	56	2008.359396	56	1997.733123	56	1994.506292	56
NaN	NaN	NaN	NaN	NaN	NaN	2015.92971	57	2008.359396	57	1997.733123	57	1994.506292	57
NaN	NaN	NaN	NaN	NaN	NaN	2016.672148	57	2008.39372	57	1997.784096	57	1994.576918	57
NaN	NaN	NaN	NaN	NaN	NaN	2016.672148	58	2008.39372	58	1997.784096	58	1994.576918	58
NaN	NaN	NaN	NaN	NaN	NaN	2016.704307	58	2008.559338	58	1997.837383	58	1994.625686	58
NaN	NaN	NaN	NaN	NaN	NaN	2016.704307	59	2008.559338	59	1997.837383	59	1994.625686	59
NaN	NaN	NaN	NaN	NaN	NaN	2016.989311	59	2008.647658	59	1997.844989	59	1994.630738	59
NaN	NaN	NaN	NaN	NaN	NaN	2016.989311	60	2008.647658	60	1997.844989	60	1994.630738	60
NaN	NaN	NaN	NaN	NaN	NaN	2017.147221	60	2009.558202	60	1998.48482	60	1994.665778	60
NaN	NaN	NaN	NaN	NaN	NaN	2017.147221	61	2009.558202	61	1998.48482	61	1994.665778	61
NaN	NaN	NaN	NaN	NaN	NaN	2017.164856	61	2009.850348	61	1998.589275	61	1994.695459	61
NaN	NaN	NaN	NaN	NaN	NaN	2017.164856	62	2009.850348	62	1998.589275	62	1994.695459	62
NaN	NaN	NaN	NaN	NaN	NaN	2017.265701	62	2009.860576	62	1998.591655	62	1994.697927	62
NaN	NaN	NaN	NaN	NaN	NaN	2017.265701	63	2009.860576	63	1998.591655	63	1994.697927	63
NaN	NaN	NaN	NaN	NaN	NaN	2017.863827	63	2010.179619	63	1998.881547	63	1994.868727	63
NaN	NaN	NaN	NaN	NaN	NaN	2017.863827	64	2010.179619	64	1998.881547	64	1994.868727	64
NaN	NaN	NaN	NaN	NaN	NaN	2018.239437	64	2011.122697	64	1999.080666	64	1995.023747	64
NaN	NaN	NaN	NaN	NaN	NaN	2018.239437	65	2011.122697	65	1999.080666	65	1995.023747	65
NaN	NaN	NaN	NaN	NaN	NaN	2019.215293	65	2011.806832	65	1999.235579	65	1995.041385	65
NaN	NaN	NaN	NaN	NaN	NaN	2019.215293	66	2011.806832	66	1999.235579	66	1995.041385	66
NaN	NaN	NaN	NaN	NaN	NaN	2019.598839	66	2012.287736	66	1999.342803	66	1995.048949	66
NaN	NaN	NaN	NaN	NaN	NaN	2019.598839	67	2012.287736	67	1999.342803	67	1995.048949	67
NaN	NaN	NaN	NaN	NaN	NaN	2019.727473	67	2012.361337	67	1999.366344	67	1995.330573	67
NaN	NaN	NaN	NaN	NaN	NaN	2019.727473	68	2012.361337	68	1999.366344	68	1995.330573	68
NaN	NaN	NaN	NaN	NaN	NaN	2020	68	2012.430309	68	1999.488688	68	1995.360345	68
NaN	NaN	NaN	NaN	NaN	NaN	NaN	NaN	2012.430309	69	1999.488688	69	1995.360345	69
NaN	NaN	NaN	NaN	NaN	NaN	NaN	NaN	2012.477298	69	1999.5225	69	1995.370044	69
NaN	NaN	NaN	NaN	NaN	NaN	NaN	NaN	2012.477298	70	1999.5225	70	1995.370044	70
NaN	NaN	NaN	NaN	NaN	NaN	NaN	NaN	2013.39126	70	1999.62218	70	1995.441242	70
NaN	NaN	NaN	NaN	NaN	NaN	NaN	NaN	2013.39126	71	1999.62218	71	1995.441242	71
NaN	NaN	NaN	NaN	NaN	NaN	NaN	NaN	2013.502551	71	1999.755186	71	1995.449722	71
NaN	NaN	NaN	NaN	NaN	NaN	NaN	NaN	2013.502551	72	1999.755186	72	1995.449722	72
NaN	NaN	NaN	NaN	NaN	NaN	NaN	NaN	2014.272355	72	1999.862304	72	1995.517742	72
NaN	NaN	NaN	NaN	NaN	NaN	NaN	NaN	2014.272355	73	1999.862304	73	1995.517742	73
NaN	NaN	NaN	NaN	NaN	NaN	NaN	NaN	2014.625888	73	1999.919817	73	1995.541706	73
NaN	NaN	NaN	NaN	NaN	NaN	NaN	NaN	2014.625888	74	1999.919817	74	1995.541706	74
NaN	NaN	NaN	NaN	NaN	NaN	NaN	NaN	2014.643206	74	2000.035549	74	1995.54979	74
NaN	NaN	NaN	NaN	NaN	NaN	NaN	NaN	2014.643206	75	2000.035549	75	1995.54979	75
NaN	NaN	NaN	NaN	NaN	NaN	NaN	NaN	2014.785946	75	2000.397156	75	1995.550848	75
NaN	NaN	NaN	NaN	NaN	NaN	NaN	NaN	2014.785946	76	2000.397156	76	1995.550848	76
NaN	NaN	NaN	NaN	NaN	NaN	NaN	NaN	2015.239082	76	2000.427412	76	1995.7472	76
NaN	NaN	NaN	NaN	NaN	NaN	NaN	NaN	2015.239082	77	2000.427412	77	1995.7472	77
NaN	NaN	NaN	NaN	NaN	NaN	NaN	NaN	2015.334986	77	2000.45901	77	1995.765564	77
NaN	NaN	NaN	NaN	NaN	NaN	NaN	NaN	2015.334986	78	2000.45901	78	1995.765564	78
NaN	NaN	NaN	NaN	NaN	NaN	NaN	NaN	2015.59496	78	2000.462924	78	1995.808211	78
NaN	NaN	NaN	NaN	NaN	NaN	NaN	NaN	2015.59496	79	2000.462924	79	1995.808211	79
NaN	NaN	NaN	NaN	NaN	NaN	NaN	NaN	2015.89839	79	2000.695467	79	1995.864102	79
NaN	NaN	NaN	NaN	NaN	NaN	NaN	NaN	2015.89839	80	2000.695467	80	1995.864102	80
NaN	NaN	NaN	NaN	NaN	NaN	NaN	NaN	2015.92971	80	2000.76701	80	1995.925488	80
NaN	NaN	NaN	NaN	NaN	NaN	NaN	NaN	2015.92971	81	2000.76701	81	1995.925488	81
NaN	NaN	NaN	NaN	NaN	NaN	NaN	NaN	2016.483149	81	2000.833516	81	1995.959497	81
NaN	NaN	NaN	NaN	NaN	NaN	NaN	NaN	2016.483149	82	2000.833516	82	1995.959497	82
NaN	NaN	NaN	NaN	NaN	NaN	NaN	NaN	2016.672148	82	2000.872358	82	1995.990535	82
NaN	NaN	NaN	NaN	NaN	NaN	NaN	NaN	2016.672148	83	2000.872358	83	1995.990535	83
NaN	NaN	NaN	NaN	NaN	NaN	NaN	NaN	2016.704307	83	2000.954682	83	1996.088893	83
NaN	NaN	NaN	NaN	NaN	NaN	NaN	NaN	2016.704307	84	2000.954682	84	1996.088893	84
NaN	NaN	NaN	NaN	NaN	NaN	NaN	NaN	2016.989311	84	2001.277069	84	1996.126625	84
NaN	NaN	NaN	NaN	NaN	NaN	NaN	NaN	2016.989311	85	2001.277069	85	1996.126625	85
NaN	NaN	NaN	NaN	NaN	NaN	NaN	NaN	2017.110434	85	2001.34908	85	1996.176887	85
NaN	NaN	NaN	NaN	NaN	NaN	NaN	NaN	2017.110434	86	2001.34908	86	1996.176887	86
NaN	NaN	NaN	NaN	NaN	NaN	NaN	NaN	2017.147221	86	2001.482785	86	1996.212527	86
NaN	NaN	NaN	NaN	NaN	NaN	NaN	NaN	2017.147221	87	2001.482785	87	1996.212527	87
NaN	NaN	NaN	NaN	NaN	NaN	NaN	NaN	2017.164856	87	2001.818571	87	1996.238086	87
NaN	NaN	NaN	NaN	NaN	NaN	NaN	NaN	2017.164856	88	2001.818571	88	1996.238086	88
NaN	NaN	NaN	NaN	NaN	NaN	NaN	NaN	2017.265701	88	2001.868291	88	1996.238763	88
NaN	NaN	NaN	NaN	NaN	NaN	NaN	NaN	2017.265701	89	2001.868291	89	1996.238763	89
NaN	NaN	NaN	NaN	NaN	NaN	NaN	NaN	2017.863827	89	2001.932405	89	1996.357014	89
NaN	NaN	NaN	NaN	NaN	NaN	NaN	NaN	2017.863827	90	2001.932405	90	1996.357014	90
NaN	NaN	NaN	NaN	NaN	NaN	NaN	NaN	2018.239437	90	2001.970895	90	1996.501796	90
NaN	NaN	NaN	NaN	NaN	NaN	NaN	NaN	2018.239437	91	2001.970895	91	1996.501796	91
NaN	NaN	NaN	NaN	NaN	NaN	NaN	NaN	2019.215293	91	2002.089801	91	1996.536321	91
NaN	NaN	NaN	NaN	NaN	NaN	NaN	NaN	2019.215293	92	2002.089801	92	1996.536321	92
NaN	NaN	NaN	NaN	NaN	NaN	NaN	NaN	2019.513462	92	2002.421926	92	1996.616235	92
NaN	NaN	NaN	NaN	NaN	NaN	NaN	NaN	2019.513462	93	2002.421926	93	1996.616235	93
NaN	NaN	NaN	NaN	NaN	NaN	NaN	NaN	2019.598839	93	2002.447889	93	1996.656317	93
NaN	NaN	NaN	NaN	NaN	NaN	NaN	NaN	2019.598839	94	2002.447889	94	1996.656317	94
NaN	NaN	NaN	NaN	NaN	NaN	NaN	NaN	2019.727473	94	2002.644348	94	1996.678615	94
NaN	NaN	NaN	NaN	NaN	NaN	NaN	NaN	2019.727473	95	2002.644348	95	1996.678615	95
NaN	NaN	NaN	NaN	NaN	NaN	NaN	NaN	2020	95	2002.671047	95	1996.74319	95
NaN	NaN	NaN	NaN	NaN	NaN	NaN	NaN	NaN	NaN	2002.671047	96	1996.74319	96
NaN	NaN	NaN	NaN	NaN	NaN	NaN	NaN	NaN	NaN	2002.732201	96	1996.808974	96
NaN	NaN	NaN	NaN	NaN	NaN	NaN	NaN	NaN	NaN	2002.732201	97	1996.808974	97
NaN	NaN	NaN	NaN	NaN	NaN	NaN	NaN	NaN	NaN	2002.809736	97	1996.842507	97
NaN	NaN	NaN	NaN	NaN	NaN	NaN	NaN	NaN	NaN	2002.809736	98	1996.842507	98
NaN	NaN	NaN	NaN	NaN	NaN	NaN	NaN	NaN	NaN	2003.069751	98	1996.93679	98
NaN	NaN	NaN	NaN	NaN	NaN	NaN	NaN	NaN	NaN	2003.069751	99	1996.93679	99
NaN	NaN	NaN	NaN	NaN	NaN	NaN	NaN	NaN	NaN	2003.164266	99	1996.955713	99
NaN	NaN	NaN	NaN	NaN	NaN	NaN	NaN	NaN	NaN	2003.164266	100	1996.955713	100
NaN	NaN	NaN	NaN	NaN	NaN	NaN	NaN	NaN	NaN	2003.288251	100	1996.985262	100
NaN	NaN	NaN	NaN	NaN	NaN	NaN	NaN	NaN	NaN	2003.288251	101	1996.985262	101
NaN	NaN	NaN	NaN	NaN	NaN	NaN	NaN	NaN	NaN	2003.32654	101	1997.01127	101
NaN	NaN	NaN	NaN	NaN	NaN	NaN	NaN	NaN	NaN	2003.32654	102	1997.01127	102
NaN	NaN	NaN	NaN	NaN	NaN	NaN	NaN	NaN	NaN	2003.510715	102	1997.022784	102
NaN	NaN	NaN	NaN	NaN	NaN	NaN	NaN	NaN	NaN	2003.510715	103	1997.022784	103
NaN	NaN	NaN	NaN	NaN	NaN	NaN	NaN	NaN	NaN	2003.526558	103	1997.057642	103
NaN	NaN	NaN	NaN	NaN	NaN	NaN	NaN	NaN	NaN	2003.526558	104	1997.057642	104
NaN	NaN	NaN	NaN	NaN	NaN	NaN	NaN	NaN	NaN	2003.549997	104	1997.058859	104
NaN	NaN	NaN	NaN	NaN	NaN	NaN	NaN	NaN	NaN	2003.549997	105	1997.058859	105
NaN	NaN	NaN	NaN	NaN	NaN	NaN	NaN	NaN	NaN	2003.564602	105	1997.459074	105
NaN	NaN	NaN	NaN	NaN	NaN	NaN	NaN	NaN	NaN	2003.564602	106	1997.459074	106
NaN	NaN	NaN	NaN	NaN	NaN	NaN	NaN	NaN	NaN	2003.614562	106	1997.510863	106
NaN	NaN	NaN	NaN	NaN	NaN	NaN	NaN	NaN	NaN	2003.614562	107	1997.510863	107
NaN	NaN	NaN	NaN	NaN	NaN	NaN	NaN	NaN	NaN	2003.634521	107	1997.721449	107
NaN	NaN	NaN	NaN	NaN	NaN	NaN	NaN	NaN	NaN	2003.634521	108	1997.721449	108
NaN	NaN	NaN	NaN	NaN	NaN	NaN	NaN	NaN	NaN	2003.78787	108	1997.733123	108
NaN	NaN	NaN	NaN	NaN	NaN	NaN	NaN	NaN	NaN	2003.78787	109	1997.733123	109
NaN	NaN	NaN	NaN	NaN	NaN	NaN	NaN	NaN	NaN	2003.867993	109	1997.784096	109
NaN	NaN	NaN	NaN	NaN	NaN	NaN	NaN	NaN	NaN	2003.867993	110	1997.784096	110
NaN	NaN	NaN	NaN	NaN	NaN	NaN	NaN	NaN	NaN	2004.095492	110	1997.837383	110
NaN	NaN	NaN	NaN	NaN	NaN	NaN	NaN	NaN	NaN	2004.095492	111	1997.837383	111
NaN	NaN	NaN	NaN	NaN	NaN	NaN	NaN	NaN	NaN	2004.1795	111	1997.844989	111
NaN	NaN	NaN	NaN	NaN	NaN	NaN	NaN	NaN	NaN	2004.1795	112	1997.844989	112
NaN	NaN	NaN	NaN	NaN	NaN	NaN	NaN	NaN	NaN	2004.234857	112	1997.928373	112
NaN	NaN	NaN	NaN	NaN	NaN	NaN	NaN	NaN	NaN	2004.234857	113	1997.928373	113
NaN	NaN	NaN	NaN	NaN	NaN	NaN	NaN	NaN	NaN	2004.355859	113	1998.02371	113
NaN	NaN	NaN	NaN	NaN	NaN	NaN	NaN	NaN	NaN	2004.355859	114	1998.02371	114
NaN	NaN	NaN	NaN	NaN	NaN	NaN	NaN	NaN	NaN	2004.52557	114	1998.093379	114
NaN	NaN	NaN	NaN	NaN	NaN	NaN	NaN	NaN	NaN	2004.52557	115	1998.093379	115
NaN	NaN	NaN	NaN	NaN	NaN	NaN	NaN	NaN	NaN	2004.588982	115	1998.211027	115
NaN	NaN	NaN	NaN	NaN	NaN	NaN	NaN	NaN	NaN	2004.588982	116	1998.211027	116
NaN	NaN	NaN	NaN	NaN	NaN	NaN	NaN	NaN	NaN	2004.609606	116	1998.35251	116
NaN	NaN	NaN	NaN	NaN	NaN	NaN	NaN	NaN	NaN	2004.609606	117	1998.35251	117
NaN	NaN	NaN	NaN	NaN	NaN	NaN	NaN	NaN	NaN	2004.644546	117	1998.472463	117
NaN	NaN	NaN	NaN	NaN	NaN	NaN	NaN	NaN	NaN	2004.644546	118	1998.472463	118
NaN	NaN	NaN	NaN	NaN	NaN	NaN	NaN	NaN	NaN	2004.790658	118	1998.48482	118
NaN	NaN	NaN	NaN	NaN	NaN	NaN	NaN	NaN	NaN	2004.790658	119	1998.48482	119
NaN	NaN	NaN	NaN	NaN	NaN	NaN	NaN	NaN	NaN	2004.81613	119	1998.546327	119
NaN	NaN	NaN	NaN	NaN	NaN	NaN	NaN	NaN	NaN	2004.81613	120	1998.546327	120
NaN	NaN	NaN	NaN	NaN	NaN	NaN	NaN	NaN	NaN	2005.191832	120	1998.582327	120
NaN	NaN	NaN	NaN	NaN	NaN	NaN	NaN	NaN	NaN	2005.191832	121	1998.582327	121
NaN	NaN	NaN	NaN	NaN	NaN	NaN	NaN	NaN	NaN	2005.26444	121	1998.589275	121
NaN	NaN	NaN	NaN	NaN	NaN	NaN	NaN	NaN	NaN	2005.26444	122	1998.589275	122
NaN	NaN	NaN	NaN	NaN	NaN	NaN	NaN	NaN	NaN	2005.427298	122	1998.591655	122
NaN	NaN	NaN	NaN	NaN	NaN	NaN	NaN	NaN	NaN	2005.427298	123	1998.591655	123
NaN	NaN	NaN	NaN	NaN	NaN	NaN	NaN	NaN	NaN	2005.586477	123	1998.645642	123
NaN	NaN	NaN	NaN	NaN	NaN	NaN	NaN	NaN	NaN	2005.586477	124	1998.645642	124
NaN	NaN	NaN	NaN	NaN	NaN	NaN	NaN	NaN	NaN	2005.65867	124	1998.651273	124
NaN	NaN	NaN	NaN	NaN	NaN	NaN	NaN	NaN	NaN	2005.65867	125	1998.651273	125
NaN	NaN	NaN	NaN	NaN	NaN	NaN	NaN	NaN	NaN	2005.766352	125	1998.881547	125
NaN	NaN	NaN	NaN	NaN	NaN	NaN	NaN	NaN	NaN	2005.766352	126	1998.881547	126
NaN	NaN	NaN	NaN	NaN	NaN	NaN	NaN	NaN	NaN	2005.926116	126	1999.065745	126
NaN	NaN	NaN	NaN	NaN	NaN	NaN	NaN	NaN	NaN	2005.926116	127	1999.065745	127
NaN	NaN	NaN	NaN	NaN	NaN	NaN	NaN	NaN	NaN	2006.072768	127	1999.080666	127
NaN	NaN	NaN	NaN	NaN	NaN	NaN	NaN	NaN	NaN	2006.072768	128	1999.080666	128
NaN	NaN	NaN	NaN	NaN	NaN	NaN	NaN	NaN	NaN	2006.161427	128	1999.150693	128
NaN	NaN	NaN	NaN	NaN	NaN	NaN	NaN	NaN	NaN	2006.161427	129	1999.150693	129
NaN	NaN	NaN	NaN	NaN	NaN	NaN	NaN	NaN	NaN	2006.281709	129	1999.16304	129
NaN	NaN	NaN	NaN	NaN	NaN	NaN	NaN	NaN	NaN	2006.281709	130	1999.16304	130
NaN	NaN	NaN	NaN	NaN	NaN	NaN	NaN	NaN	NaN	2006.296725	130	1999.170841	130
NaN	NaN	NaN	NaN	NaN	NaN	NaN	NaN	NaN	NaN	2006.296725	131	1999.170841	131
NaN	NaN	NaN	NaN	NaN	NaN	NaN	NaN	NaN	NaN	2006.591611	131	1999.235579	131
NaN	NaN	NaN	NaN	NaN	NaN	NaN	NaN	NaN	NaN	2006.591611	132	1999.235579	132
NaN	NaN	NaN	NaN	NaN	NaN	NaN	NaN	NaN	NaN	2006.79974	132	1999.342803	132
NaN	NaN	NaN	NaN	NaN	NaN	NaN	NaN	NaN	NaN	2006.79974	133	1999.342803	133
NaN	NaN	NaN	NaN	NaN	NaN	NaN	NaN	NaN	NaN	2006.981065	133	1999.366344	133
NaN	NaN	NaN	NaN	NaN	NaN	NaN	NaN	NaN	NaN	2006.981065	134	1999.366344	134
NaN	NaN	NaN	NaN	NaN	NaN	NaN	NaN	NaN	NaN	2006.99691	134	1999.428675	134
NaN	NaN	NaN	NaN	NaN	NaN	NaN	NaN	NaN	NaN	2006.99691	135	1999.428675	135
NaN	NaN	NaN	NaN	NaN	NaN	NaN	NaN	NaN	NaN	2007.019092	135	1999.488688	135
NaN	NaN	NaN	NaN	NaN	NaN	NaN	NaN	NaN	NaN	2007.019092	136	1999.488688	136
NaN	NaN	NaN	NaN	NaN	NaN	NaN	NaN	NaN	NaN	2007.132394	136	1999.5225	136
NaN	NaN	NaN	NaN	NaN	NaN	NaN	NaN	NaN	NaN	2007.132394	137	1999.5225	137
NaN	NaN	NaN	NaN	NaN	NaN	NaN	NaN	NaN	NaN	2007.138842	137	1999.62218	137
NaN	NaN	NaN	NaN	NaN	NaN	NaN	NaN	NaN	NaN	2007.138842	138	1999.62218	138
NaN	NaN	NaN	NaN	NaN	NaN	NaN	NaN	NaN	NaN	2007.173606	138	1999.755186	138
NaN	NaN	NaN	NaN	NaN	NaN	NaN	NaN	NaN	NaN	2007.173606	139	1999.755186	139
NaN	NaN	NaN	NaN	NaN	NaN	NaN	NaN	NaN	NaN	2007.23583	139	1999.787563	139
NaN	NaN	NaN	NaN	NaN	NaN	NaN	NaN	NaN	NaN	2007.23583	140	1999.787563	140
NaN	NaN	NaN	NaN	NaN	NaN	NaN	NaN	NaN	NaN	2007.338451	140	1999.862304	140
NaN	NaN	NaN	NaN	NaN	NaN	NaN	NaN	NaN	NaN	2007.338451	141	1999.862304	141
NaN	NaN	NaN	NaN	NaN	NaN	NaN	NaN	NaN	NaN	2007.416562	141	1999.919817	141
NaN	NaN	NaN	NaN	NaN	NaN	NaN	NaN	NaN	NaN	2007.416562	142	1999.919817	142
NaN	NaN	NaN	NaN	NaN	NaN	NaN	NaN	NaN	NaN	2007.45184	142	2000.035549	142
NaN	NaN	NaN	NaN	NaN	NaN	NaN	NaN	NaN	NaN	2007.45184	143	2000.035549	143
NaN	NaN	NaN	NaN	NaN	NaN	NaN	NaN	NaN	NaN	2007.538921	143	2000.042475	143
NaN	NaN	NaN	NaN	NaN	NaN	NaN	NaN	NaN	NaN	2007.538921	144	2000.042475	144
NaN	NaN	NaN	NaN	NaN	NaN	NaN	NaN	NaN	NaN	2007.546671	144	2000.225005	144
NaN	NaN	NaN	NaN	NaN	NaN	NaN	NaN	NaN	NaN	2007.546671	145	2000.225005	145
NaN	NaN	NaN	NaN	NaN	NaN	NaN	NaN	NaN	NaN	2007.785135	145	2000.281645	145
NaN	NaN	NaN	NaN	NaN	NaN	NaN	NaN	NaN	NaN	2007.785135	146	2000.281645	146
NaN	NaN	NaN	NaN	NaN	NaN	NaN	NaN	NaN	NaN	2007.827867	146	2000.397156	146
NaN	NaN	NaN	NaN	NaN	NaN	NaN	NaN	NaN	NaN	2007.827867	147	2000.397156	147
NaN	NaN	NaN	NaN	NaN	NaN	NaN	NaN	NaN	NaN	2007.965527	147	2000.427412	147
NaN	NaN	NaN	NaN	NaN	NaN	NaN	NaN	NaN	NaN	2007.965527	148	2000.427412	148
NaN	NaN	NaN	NaN	NaN	NaN	NaN	NaN	NaN	NaN	2007.998008	148	2000.45901	148
NaN	NaN	NaN	NaN	NaN	NaN	NaN	NaN	NaN	NaN	2007.998008	149	2000.45901	149
NaN	NaN	NaN	NaN	NaN	NaN	NaN	NaN	NaN	NaN	2008.031515	149	2000.462924	149
NaN	NaN	NaN	NaN	NaN	NaN	NaN	NaN	NaN	NaN	2008.031515	150	2000.462924	150
NaN	NaN	NaN	NaN	NaN	NaN	NaN	NaN	NaN	NaN	2008.051414	150	2000.550524	150
NaN	NaN	NaN	NaN	NaN	NaN	NaN	NaN	NaN	NaN	2008.051414	151	2000.550524	151
NaN	NaN	NaN	NaN	NaN	NaN	NaN	NaN	NaN	NaN	2008.088475	151	2000.603661	151
NaN	NaN	NaN	NaN	NaN	NaN	NaN	NaN	NaN	NaN	2008.088475	152	2000.603661	152
NaN	NaN	NaN	NaN	NaN	NaN	NaN	NaN	NaN	NaN	2008.216125	152	2000.611731	152
NaN	NaN	NaN	NaN	NaN	NaN	NaN	NaN	NaN	NaN	2008.216125	153	2000.611731	153
NaN	NaN	NaN	NaN	NaN	NaN	NaN	NaN	NaN	NaN	2008.359396	153	2000.695467	153
NaN	NaN	NaN	NaN	NaN	NaN	NaN	NaN	NaN	NaN	2008.359396	154	2000.695467	154
NaN	NaN	NaN	NaN	NaN	NaN	NaN	NaN	NaN	NaN	2008.379471	154	2000.741889	154
NaN	NaN	NaN	NaN	NaN	NaN	NaN	NaN	NaN	NaN	2008.379471	155	2000.741889	155
NaN	NaN	NaN	NaN	NaN	NaN	NaN	NaN	NaN	NaN	2008.39372	155	2000.76701	155
NaN	NaN	NaN	NaN	NaN	NaN	NaN	NaN	NaN	NaN	2008.39372	156	2000.76701	156
NaN	NaN	NaN	NaN	NaN	NaN	NaN	NaN	NaN	NaN	2008.491534	156	2000.833516	156
NaN	NaN	NaN	NaN	NaN	NaN	NaN	NaN	NaN	NaN	2008.491534	157	2000.833516	157
NaN	NaN	NaN	NaN	NaN	NaN	NaN	NaN	NaN	NaN	2008.559338	157	2000.872358	157
NaN	NaN	NaN	NaN	NaN	NaN	NaN	NaN	NaN	NaN	2008.559338	158	2000.872358	158
NaN	NaN	NaN	NaN	NaN	NaN	NaN	NaN	NaN	NaN	2008.581399	158	2000.954682	158
NaN	NaN	NaN	NaN	NaN	NaN	NaN	NaN	NaN	NaN	2008.581399	159	2000.954682	159
NaN	NaN	NaN	NaN	NaN	NaN	NaN	NaN	NaN	NaN	2008.63659	159	2001.144439	159
NaN	NaN	NaN	NaN	NaN	NaN	NaN	NaN	NaN	NaN	2008.63659	160	2001.144439	160
NaN	NaN	NaN	NaN	NaN	NaN	NaN	NaN	NaN	NaN	2008.646443	160	2001.277069	160
NaN	NaN	NaN	NaN	NaN	NaN	NaN	NaN	NaN	NaN	2008.646443	161	2001.277069	161
NaN	NaN	NaN	NaN	NaN	NaN	NaN	NaN	NaN	NaN	2008.647658	161	2001.34908	161
NaN	NaN	NaN	NaN	NaN	NaN	NaN	NaN	NaN	NaN	2008.647658	162	2001.34908	162
NaN	NaN	NaN	NaN	NaN	NaN	NaN	NaN	NaN	NaN	2008.654104	162	2001.482785	162
NaN	NaN	NaN	NaN	NaN	NaN	NaN	NaN	NaN	NaN	2008.654104	163	2001.482785	163
NaN	NaN	NaN	NaN	NaN	NaN	NaN	NaN	NaN	NaN	2008.660793	163	2001.61167	163
NaN	NaN	NaN	NaN	NaN	NaN	NaN	NaN	NaN	NaN	2008.660793	164	2001.61167	164
NaN	NaN	NaN	NaN	NaN	NaN	NaN	NaN	NaN	NaN	2008.760196	164	2001.763444	164
NaN	NaN	NaN	NaN	NaN	NaN	NaN	NaN	NaN	NaN	2008.760196	165	2001.763444	165
NaN	NaN	NaN	NaN	NaN	NaN	NaN	NaN	NaN	NaN	2008.762094	165	2001.818571	165
NaN	NaN	NaN	NaN	NaN	NaN	NaN	NaN	NaN	NaN	2008.762094	166	2001.818571	166
NaN	NaN	NaN	NaN	NaN	NaN	NaN	NaN	NaN	NaN	2008.77585	166	2001.868291	166
NaN	NaN	NaN	NaN	NaN	NaN	NaN	NaN	NaN	NaN	2008.77585	167	2001.868291	167
NaN	NaN	NaN	NaN	NaN	NaN	NaN	NaN	NaN	NaN	2008.857103	167	2001.903665	167
NaN	NaN	NaN	NaN	NaN	NaN	NaN	NaN	NaN	NaN	2008.857103	168	2001.903665	168
NaN	NaN	NaN	NaN	NaN	NaN	NaN	NaN	NaN	NaN	2009.020689	168	2001.932405	168
NaN	NaN	NaN	NaN	NaN	NaN	NaN	NaN	NaN	NaN	2009.020689	169	2001.932405	169
NaN	NaN	NaN	NaN	NaN	NaN	NaN	NaN	NaN	NaN	2009.136643	169	2001.970895	169
NaN	NaN	NaN	NaN	NaN	NaN	NaN	NaN	NaN	NaN	2009.136643	170	2001.970895	170
NaN	NaN	NaN	NaN	NaN	NaN	NaN	NaN	NaN	NaN	2009.518061	170	2002.024555	170
NaN	NaN	NaN	NaN	NaN	NaN	NaN	NaN	NaN	NaN	2009.518061	171	2002.024555	171
NaN	NaN	NaN	NaN	NaN	NaN	NaN	NaN	NaN	NaN	2009.558202	171	2002.089801	171
NaN	NaN	NaN	NaN	NaN	NaN	NaN	NaN	NaN	NaN	2009.558202	172	2002.089801	172
NaN	NaN	NaN	NaN	NaN	NaN	NaN	NaN	NaN	NaN	2009.653875	172	2002.309248	172
NaN	NaN	NaN	NaN	NaN	NaN	NaN	NaN	NaN	NaN	2009.653875	173	2002.309248	173
NaN	NaN	NaN	NaN	NaN	NaN	NaN	NaN	NaN	NaN	2009.697023	173	2002.421926	173
NaN	NaN	NaN	NaN	NaN	NaN	NaN	NaN	NaN	NaN	2009.697023	174	2002.421926	174
NaN	NaN	NaN	NaN	NaN	NaN	NaN	NaN	NaN	NaN	2009.850348	174	2002.447889	174
NaN	NaN	NaN	NaN	NaN	NaN	NaN	NaN	NaN	NaN	2009.850348	175	2002.447889	175
NaN	NaN	NaN	NaN	NaN	NaN	NaN	NaN	NaN	NaN	2009.860576	175	2002.469881	175
NaN	NaN	NaN	NaN	NaN	NaN	NaN	NaN	NaN	NaN	2009.860576	176	2002.469881	176
NaN	NaN	NaN	NaN	NaN	NaN	NaN	NaN	NaN	NaN	2010.031244	176	2002.605514	176
NaN	NaN	NaN	NaN	NaN	NaN	NaN	NaN	NaN	NaN	2010.031244	177	2002.605514	177
NaN	NaN	NaN	NaN	NaN	NaN	NaN	NaN	NaN	NaN	2010.179619	177	2002.618014	177
NaN	NaN	NaN	NaN	NaN	NaN	NaN	NaN	NaN	NaN	2010.179619	178	2002.618014	178
NaN	NaN	NaN	NaN	NaN	NaN	NaN	NaN	NaN	NaN	2010.450884	178	2002.644348	178
NaN	NaN	NaN	NaN	NaN	NaN	NaN	NaN	NaN	NaN	2010.450884	179	2002.644348	179
NaN	NaN	NaN	NaN	NaN	NaN	NaN	NaN	NaN	NaN	2010.513335	179	2002.671047	179
NaN	NaN	NaN	NaN	NaN	NaN	NaN	NaN	NaN	NaN	2010.513335	180	2002.671047	180
NaN	NaN	NaN	NaN	NaN	NaN	NaN	NaN	NaN	NaN	2011.122697	180	2002.685232	180
NaN	NaN	NaN	NaN	NaN	NaN	NaN	NaN	NaN	NaN	2011.122697	181	2002.685232	181
NaN	NaN	NaN	NaN	NaN	NaN	NaN	NaN	NaN	NaN	2011.138373	181	2002.732201	181
NaN	NaN	NaN	NaN	NaN	NaN	NaN	NaN	NaN	NaN	2011.138373	182	2002.732201	182
NaN	NaN	NaN	NaN	NaN	NaN	NaN	NaN	NaN	NaN	2011.378081	182	2002.809736	182
NaN	NaN	NaN	NaN	NaN	NaN	NaN	NaN	NaN	NaN	2011.378081	183	2002.809736	183
NaN	NaN	NaN	NaN	NaN	NaN	NaN	NaN	NaN	NaN	2011.443822	183	2002.852868	183
NaN	NaN	NaN	NaN	NaN	NaN	NaN	NaN	NaN	NaN	2011.443822	184	2002.852868	184
NaN	NaN	NaN	NaN	NaN	NaN	NaN	NaN	NaN	NaN	2011.44697	184	2002.916379	184
NaN	NaN	NaN	NaN	NaN	NaN	NaN	NaN	NaN	NaN	2011.44697	185	2002.916379	185
NaN	NaN	NaN	NaN	NaN	NaN	NaN	NaN	NaN	NaN	2011.721124	185	2002.940889	185
NaN	NaN	NaN	NaN	NaN	NaN	NaN	NaN	NaN	NaN	2011.721124	186	2002.940889	186
NaN	NaN	NaN	NaN	NaN	NaN	NaN	NaN	NaN	NaN	2011.806832	186	2002.993021	186
NaN	NaN	NaN	NaN	NaN	NaN	NaN	NaN	NaN	NaN	2011.806832	187	2002.993021	187
NaN	NaN	NaN	NaN	NaN	NaN	NaN	NaN	NaN	NaN	2011.844386	187	2003.053021	187
NaN	NaN	NaN	NaN	NaN	NaN	NaN	NaN	NaN	NaN	2011.844386	188	2003.053021	188
NaN	NaN	NaN	NaN	NaN	NaN	NaN	NaN	NaN	NaN	2012.20351	188	2003.069751	188
NaN	NaN	NaN	NaN	NaN	NaN	NaN	NaN	NaN	NaN	2012.20351	189	2003.069751	189
NaN	NaN	NaN	NaN	NaN	NaN	NaN	NaN	NaN	NaN	2012.287736	189	2003.146026	189
NaN	NaN	NaN	NaN	NaN	NaN	NaN	NaN	NaN	NaN	2012.287736	190	2003.146026	190
NaN	NaN	NaN	NaN	NaN	NaN	NaN	NaN	NaN	NaN	2012.345502	190	2003.164266	190
NaN	NaN	NaN	NaN	NaN	NaN	NaN	NaN	NaN	NaN	2012.345502	191	2003.164266	191
NaN	NaN	NaN	NaN	NaN	NaN	NaN	NaN	NaN	NaN	2012.361337	191	2003.26907	191
NaN	NaN	NaN	NaN	NaN	NaN	NaN	NaN	NaN	NaN	2012.361337	192	2003.26907	192
NaN	NaN	NaN	NaN	NaN	NaN	NaN	NaN	NaN	NaN	2012.380797	192	2003.288251	192
NaN	NaN	NaN	NaN	NaN	NaN	NaN	NaN	NaN	NaN	2012.380797	193	2003.288251	193
NaN	NaN	NaN	NaN	NaN	NaN	NaN	NaN	NaN	NaN	2012.430309	193	2003.32654	193
NaN	NaN	NaN	NaN	NaN	NaN	NaN	NaN	NaN	NaN	2012.430309	194	2003.32654	194
NaN	NaN	NaN	NaN	NaN	NaN	NaN	NaN	NaN	NaN	2012.477298	194	2003.38606	194
NaN	NaN	NaN	NaN	NaN	NaN	NaN	NaN	NaN	NaN	2012.477298	195	2003.38606	195
NaN	NaN	NaN	NaN	NaN	NaN	NaN	NaN	NaN	NaN	2012.609216	195	2003.510715	195
NaN	NaN	NaN	NaN	NaN	NaN	NaN	NaN	NaN	NaN	2012.609216	196	2003.510715	196
NaN	NaN	NaN	NaN	NaN	NaN	NaN	NaN	NaN	NaN	2012.611771	196	2003.52009	196
NaN	NaN	NaN	NaN	NaN	NaN	NaN	NaN	NaN	NaN	2012.611771	197	2003.52009	197
NaN	NaN	NaN	NaN	NaN	NaN	NaN	NaN	NaN	NaN	2012.628074	197	2003.526558	197
NaN	NaN	NaN	NaN	NaN	NaN	NaN	NaN	NaN	NaN	2012.628074	198	2003.526558	198
NaN	NaN	NaN	NaN	NaN	NaN	NaN	NaN	NaN	NaN	2012.677926	198	2003.549997	198
NaN	NaN	NaN	NaN	NaN	NaN	NaN	NaN	NaN	NaN	2012.677926	199	2003.549997	199
NaN	NaN	NaN	NaN	NaN	NaN	NaN	NaN	NaN	NaN	2012.682105	199	2003.561741	199
NaN	NaN	NaN	NaN	NaN	NaN	NaN	NaN	NaN	NaN	2012.682105	200	2003.561741	200
NaN	NaN	NaN	NaN	NaN	NaN	NaN	NaN	NaN	NaN	2012.784192	200	2003.564602	200
NaN	NaN	NaN	NaN	NaN	NaN	NaN	NaN	NaN	NaN	2012.784192	201	2003.564602	201
NaN	NaN	NaN	NaN	NaN	NaN	NaN	NaN	NaN	NaN	2012.849469	201	2003.614562	201
NaN	NaN	NaN	NaN	NaN	NaN	NaN	NaN	NaN	NaN	2012.849469	202	2003.614562	202
NaN	NaN	NaN	NaN	NaN	NaN	NaN	NaN	NaN	NaN	2012.859823	202	2003.634521	202
NaN	NaN	NaN	NaN	NaN	NaN	NaN	NaN	NaN	NaN	2012.859823	203	2003.634521	203
NaN	NaN	NaN	NaN	NaN	NaN	NaN	NaN	NaN	NaN	2012.976218	203	2003.705614	203
NaN	NaN	NaN	NaN	NaN	NaN	NaN	NaN	NaN	NaN	2012.976218	204	2003.705614	204
NaN	NaN	NaN	NaN	NaN	NaN	NaN	NaN	NaN	NaN	2013.150741	204	2003.720086	204
NaN	NaN	NaN	NaN	NaN	NaN	NaN	NaN	NaN	NaN	2013.150741	205	2003.720086	205
NaN	NaN	NaN	NaN	NaN	NaN	NaN	NaN	NaN	NaN	2013.328651	205	2003.78787	205
NaN	NaN	NaN	NaN	NaN	NaN	NaN	NaN	NaN	NaN	2013.328651	206	2003.78787	206
NaN	NaN	NaN	NaN	NaN	NaN	NaN	NaN	NaN	NaN	2013.39126	206	2003.841314	206
NaN	NaN	NaN	NaN	NaN	NaN	NaN	NaN	NaN	NaN	2013.39126	207	2003.841314	207
NaN	NaN	NaN	NaN	NaN	NaN	NaN	NaN	NaN	NaN	2013.414347	207	2003.867993	207
NaN	NaN	NaN	NaN	NaN	NaN	NaN	NaN	NaN	NaN	2013.414347	208	2003.867993	208
NaN	NaN	NaN	NaN	NaN	NaN	NaN	NaN	NaN	NaN	2013.502551	208	2003.999946	208
NaN	NaN	NaN	NaN	NaN	NaN	NaN	NaN	NaN	NaN	2013.502551	209	2003.999946	209
NaN	NaN	NaN	NaN	NaN	NaN	NaN	NaN	NaN	NaN	2013.889899	209	2004.073362	209
NaN	NaN	NaN	NaN	NaN	NaN	NaN	NaN	NaN	NaN	2013.889899	210	2004.073362	210
NaN	NaN	NaN	NaN	NaN	NaN	NaN	NaN	NaN	NaN	2014.272355	210	2004.095492	210
NaN	NaN	NaN	NaN	NaN	NaN	NaN	NaN	NaN	NaN	2014.272355	211	2004.095492	211
NaN	NaN	NaN	NaN	NaN	NaN	NaN	NaN	NaN	NaN	2014.389781	211	2004.145387	211
NaN	NaN	NaN	NaN	NaN	NaN	NaN	NaN	NaN	NaN	2014.389781	212	2004.145387	212
NaN	NaN	NaN	NaN	NaN	NaN	NaN	NaN	NaN	NaN	2014.585501	212	2004.164703	212
NaN	NaN	NaN	NaN	NaN	NaN	NaN	NaN	NaN	NaN	2014.585501	213	2004.164703	213
NaN	NaN	NaN	NaN	NaN	NaN	NaN	NaN	NaN	NaN	2014.625888	213	2004.1795	213
NaN	NaN	NaN	NaN	NaN	NaN	NaN	NaN	NaN	NaN	2014.625888	214	2004.1795	214
NaN	NaN	NaN	NaN	NaN	NaN	NaN	NaN	NaN	NaN	2014.643206	214	2004.229468	214
NaN	NaN	NaN	NaN	NaN	NaN	NaN	NaN	NaN	NaN	2014.643206	215	2004.229468	215
NaN	NaN	NaN	NaN	NaN	NaN	NaN	NaN	NaN	NaN	2014.665262	215	2004.234857	215
NaN	NaN	NaN	NaN	NaN	NaN	NaN	NaN	NaN	NaN	2014.665262	216	2004.234857	216
NaN	NaN	NaN	NaN	NaN	NaN	NaN	NaN	NaN	NaN	2014.68117	216	2004.251623	216
NaN	NaN	NaN	NaN	NaN	NaN	NaN	NaN	NaN	NaN	2014.68117	217	2004.251623	217
NaN	NaN	NaN	NaN	NaN	NaN	NaN	NaN	NaN	NaN	2014.742153	217	2004.323176	217
NaN	NaN	NaN	NaN	NaN	NaN	NaN	NaN	NaN	NaN	2014.742153	218	2004.323176	218
NaN	NaN	NaN	NaN	NaN	NaN	NaN	NaN	NaN	NaN	2014.764069	218	2004.355859	218
NaN	NaN	NaN	NaN	NaN	NaN	NaN	NaN	NaN	NaN	2014.764069	219	2004.355859	219
NaN	NaN	NaN	NaN	NaN	NaN	NaN	NaN	NaN	NaN	2014.785681	219	2004.52557	219
NaN	NaN	NaN	NaN	NaN	NaN	NaN	NaN	NaN	NaN	2014.785681	220	2004.52557	220
NaN	NaN	NaN	NaN	NaN	NaN	NaN	NaN	NaN	NaN	2014.785946	220	2004.535263	220
NaN	NaN	NaN	NaN	NaN	NaN	NaN	NaN	NaN	NaN	2014.785946	221	2004.535263	221
NaN	NaN	NaN	NaN	NaN	NaN	NaN	NaN	NaN	NaN	2014.9186	221	2004.588982	221
NaN	NaN	NaN	NaN	NaN	NaN	NaN	NaN	NaN	NaN	2014.9186	222	2004.588982	222
NaN	NaN	NaN	NaN	NaN	NaN	NaN	NaN	NaN	NaN	2015.239082	222	2004.609606	222
NaN	NaN	NaN	NaN	NaN	NaN	NaN	NaN	NaN	NaN	2015.239082	223	2004.609606	223
NaN	NaN	NaN	NaN	NaN	NaN	NaN	NaN	NaN	NaN	2015.334986	223	2004.644546	223
NaN	NaN	NaN	NaN	NaN	NaN	NaN	NaN	NaN	NaN	2015.334986	224	2004.644546	224
NaN	NaN	NaN	NaN	NaN	NaN	NaN	NaN	NaN	NaN	2015.59496	224	2004.655908	224
NaN	NaN	NaN	NaN	NaN	NaN	NaN	NaN	NaN	NaN	2015.59496	225	2004.655908	225
NaN	NaN	NaN	NaN	NaN	NaN	NaN	NaN	NaN	NaN	2015.790503	225	2004.683081	225
NaN	NaN	NaN	NaN	NaN	NaN	NaN	NaN	NaN	NaN	2015.790503	226	2004.683081	226
NaN	NaN	NaN	NaN	NaN	NaN	NaN	NaN	NaN	NaN	2015.808129	226	2004.790658	226
NaN	NaN	NaN	NaN	NaN	NaN	NaN	NaN	NaN	NaN	2015.808129	227	2004.790658	227
NaN	NaN	NaN	NaN	NaN	NaN	NaN	NaN	NaN	NaN	2015.874877	227	2004.808685	227
NaN	NaN	NaN	NaN	NaN	NaN	NaN	NaN	NaN	NaN	2015.874877	228	2004.808685	228
NaN	NaN	NaN	NaN	NaN	NaN	NaN	NaN	NaN	NaN	2015.876054	228	2004.81613	228
NaN	NaN	NaN	NaN	NaN	NaN	NaN	NaN	NaN	NaN	2015.876054	229	2004.81613	229
NaN	NaN	NaN	NaN	NaN	NaN	NaN	NaN	NaN	NaN	2015.89839	229	2004.878505	229
NaN	NaN	NaN	NaN	NaN	NaN	NaN	NaN	NaN	NaN	2015.89839	230	2004.878505	230
NaN	NaN	NaN	NaN	NaN	NaN	NaN	NaN	NaN	NaN	2015.92971	230	2004.885252	230
NaN	NaN	NaN	NaN	NaN	NaN	NaN	NaN	NaN	NaN	2015.92971	231	2004.885252	231
NaN	NaN	NaN	NaN	NaN	NaN	NaN	NaN	NaN	NaN	2016.24981	231	2004.901029	231
NaN	NaN	NaN	NaN	NaN	NaN	NaN	NaN	NaN	NaN	2016.24981	232	2004.901029	232
NaN	NaN	NaN	NaN	NaN	NaN	NaN	NaN	NaN	NaN	2016.438447	232	2005.055642	232
NaN	NaN	NaN	NaN	NaN	NaN	NaN	NaN	NaN	NaN	2016.438447	233	2005.055642	233
NaN	NaN	NaN	NaN	NaN	NaN	NaN	NaN	NaN	NaN	2016.483149	233	2005.061849	233
NaN	NaN	NaN	NaN	NaN	NaN	NaN	NaN	NaN	NaN	2016.483149	234	2005.061849	234
NaN	NaN	NaN	NaN	NaN	NaN	NaN	NaN	NaN	NaN	2016.672148	234	2005.066933	234
NaN	NaN	NaN	NaN	NaN	NaN	NaN	NaN	NaN	NaN	2016.672148	235	2005.066933	235
NaN	NaN	NaN	NaN	NaN	NaN	NaN	NaN	NaN	NaN	2016.696732	235	2005.191832	235
NaN	NaN	NaN	NaN	NaN	NaN	NaN	NaN	NaN	NaN	2016.696732	236	2005.191832	236
NaN	NaN	NaN	NaN	NaN	NaN	NaN	NaN	NaN	NaN	2016.701115	236	2005.26444	236
NaN	NaN	NaN	NaN	NaN	NaN	NaN	NaN	NaN	NaN	2016.701115	237	2005.26444	237
NaN	NaN	NaN	NaN	NaN	NaN	NaN	NaN	NaN	NaN	2016.704307	237	2005.427298	237
NaN	NaN	NaN	NaN	NaN	NaN	NaN	NaN	NaN	NaN	2016.704307	238	2005.427298	238
NaN	NaN	NaN	NaN	NaN	NaN	NaN	NaN	NaN	NaN	2016.817839	238	2005.563785	238
NaN	NaN	NaN	NaN	NaN	NaN	NaN	NaN	NaN	NaN	2016.817839	239	2005.563785	239
NaN	NaN	NaN	NaN	NaN	NaN	NaN	NaN	NaN	NaN	2016.899659	239	2005.586477	239
NaN	NaN	NaN	NaN	NaN	NaN	NaN	NaN	NaN	NaN	2016.899659	240	2005.586477	240
NaN	NaN	NaN	NaN	NaN	NaN	NaN	NaN	NaN	NaN	2016.917029	240	2005.65867	240
NaN	NaN	NaN	NaN	NaN	NaN	NaN	NaN	NaN	NaN	2016.917029	241	2005.65867	241
NaN	NaN	NaN	NaN	NaN	NaN	NaN	NaN	NaN	NaN	2016.989311	241	2005.726421	241
NaN	NaN	NaN	NaN	NaN	NaN	NaN	NaN	NaN	NaN	2016.989311	242	2005.726421	242
NaN	NaN	NaN	NaN	NaN	NaN	NaN	NaN	NaN	NaN	2016.989807	242	2005.729797	242
NaN	NaN	NaN	NaN	NaN	NaN	NaN	NaN	NaN	NaN	2016.989807	243	2005.729797	243
NaN	NaN	NaN	NaN	NaN	NaN	NaN	NaN	NaN	NaN	2017.110434	243	2005.766352	243
NaN	NaN	NaN	NaN	NaN	NaN	NaN	NaN	NaN	NaN	2017.110434	244	2005.766352	244
NaN	NaN	NaN	NaN	NaN	NaN	NaN	NaN	NaN	NaN	2017.147221	244	2005.79167	244
NaN	NaN	NaN	NaN	NaN	NaN	NaN	NaN	NaN	NaN	2017.147221	245	2005.79167	245
NaN	NaN	NaN	NaN	NaN	NaN	NaN	NaN	NaN	NaN	2017.164856	245	2005.795053	245
NaN	NaN	NaN	NaN	NaN	NaN	NaN	NaN	NaN	NaN	2017.164856	246	2005.795053	246
NaN	NaN	NaN	NaN	NaN	NaN	NaN	NaN	NaN	NaN	2017.257375	246	2005.926116	246
NaN	NaN	NaN	NaN	NaN	NaN	NaN	NaN	NaN	NaN	2017.257375	247	2005.926116	247
NaN	NaN	NaN	NaN	NaN	NaN	NaN	NaN	NaN	NaN	2017.265701	247	2006.072768	247
NaN	NaN	NaN	NaN	NaN	NaN	NaN	NaN	NaN	NaN	2017.265701	248	2006.072768	248
NaN	NaN	NaN	NaN	NaN	NaN	NaN	NaN	NaN	NaN	2017.275536	248	2006.136315	248
NaN	NaN	NaN	NaN	NaN	NaN	NaN	NaN	NaN	NaN	2017.275536	249	2006.136315	249
NaN	NaN	NaN	NaN	NaN	NaN	NaN	NaN	NaN	NaN	2017.406182	249	2006.161427	249
NaN	NaN	NaN	NaN	NaN	NaN	NaN	NaN	NaN	NaN	2017.406182	250	2006.161427	250
NaN	NaN	NaN	NaN	NaN	NaN	NaN	NaN	NaN	NaN	2017.509298	250	2006.242446	250
NaN	NaN	NaN	NaN	NaN	NaN	NaN	NaN	NaN	NaN	2017.509298	251	2006.242446	251
NaN	NaN	NaN	NaN	NaN	NaN	NaN	NaN	NaN	NaN	2017.549455	251	2006.281709	251
NaN	NaN	NaN	NaN	NaN	NaN	NaN	NaN	NaN	NaN	2017.549455	252	2006.281709	252
NaN	NaN	NaN	NaN	NaN	NaN	NaN	NaN	NaN	NaN	2017.601582	252	2006.296725	252
NaN	NaN	NaN	NaN	NaN	NaN	NaN	NaN	NaN	NaN	2017.601582	253	2006.296725	253
NaN	NaN	NaN	NaN	NaN	NaN	NaN	NaN	NaN	NaN	2017.727217	253	2006.324517	253
NaN	NaN	NaN	NaN	NaN	NaN	NaN	NaN	NaN	NaN	2017.727217	254	2006.324517	254
NaN	NaN	NaN	NaN	NaN	NaN	NaN	NaN	NaN	NaN	2017.863827	254	2006.451156	254
NaN	NaN	NaN	NaN	NaN	NaN	NaN	NaN	NaN	NaN	2017.863827	255	2006.451156	255
NaN	NaN	NaN	NaN	NaN	NaN	NaN	NaN	NaN	NaN	2017.920525	255	2006.508324	255
NaN	NaN	NaN	NaN	NaN	NaN	NaN	NaN	NaN	NaN	2017.920525	256	2006.508324	256
NaN	NaN	NaN	NaN	NaN	NaN	NaN	NaN	NaN	NaN	2018.026807	256	2006.591611	256
NaN	NaN	NaN	NaN	NaN	NaN	NaN	NaN	NaN	NaN	2018.026807	257	2006.591611	257
NaN	NaN	NaN	NaN	NaN	NaN	NaN	NaN	NaN	NaN	2018.239437	257	2006.79974	257
NaN	NaN	NaN	NaN	NaN	NaN	NaN	NaN	NaN	NaN	2018.239437	258	2006.79974	258
NaN	NaN	NaN	NaN	NaN	NaN	NaN	NaN	NaN	NaN	2018.259615	258	2006.981065	258
NaN	NaN	NaN	NaN	NaN	NaN	NaN	NaN	NaN	NaN	2018.259615	259	2006.981065	259
NaN	NaN	NaN	NaN	NaN	NaN	NaN	NaN	NaN	NaN	2018.30621	259	2006.99691	259
NaN	NaN	NaN	NaN	NaN	NaN	NaN	NaN	NaN	NaN	2018.30621	260	2006.99691	260
NaN	NaN	NaN	NaN	NaN	NaN	NaN	NaN	NaN	NaN	2018.458473	260	2007.019092	260
NaN	NaN	NaN	NaN	NaN	NaN	NaN	NaN	NaN	NaN	2018.458473	261	2007.019092	261
NaN	NaN	NaN	NaN	NaN	NaN	NaN	NaN	NaN	NaN	2018.552832	261	2007.132394	261
NaN	NaN	NaN	NaN	NaN	NaN	NaN	NaN	NaN	NaN	2018.552832	262	2007.132394	262
NaN	NaN	NaN	NaN	NaN	NaN	NaN	NaN	NaN	NaN	2018.78738	262	2007.138842	262
NaN	NaN	NaN	NaN	NaN	NaN	NaN	NaN	NaN	NaN	2018.78738	263	2007.138842	263
NaN	NaN	NaN	NaN	NaN	NaN	NaN	NaN	NaN	NaN	2018.898543	263	2007.145326	263
NaN	NaN	NaN	NaN	NaN	NaN	NaN	NaN	NaN	NaN	2018.898543	264	2007.145326	264
NaN	NaN	NaN	NaN	NaN	NaN	NaN	NaN	NaN	NaN	2018.975535	264	2007.173606	264
NaN	NaN	NaN	NaN	NaN	NaN	NaN	NaN	NaN	NaN	2018.975535	265	2007.173606	265
NaN	NaN	NaN	NaN	NaN	NaN	NaN	NaN	NaN	NaN	2019.013199	265	2007.226781	265
NaN	NaN	NaN	NaN	NaN	NaN	NaN	NaN	NaN	NaN	2019.013199	266	2007.226781	266
NaN	NaN	NaN	NaN	NaN	NaN	NaN	NaN	NaN	NaN	2019.067823	266	2007.23583	266
NaN	NaN	NaN	NaN	NaN	NaN	NaN	NaN	NaN	NaN	2019.067823	267	2007.23583	267
NaN	NaN	NaN	NaN	NaN	NaN	NaN	NaN	NaN	NaN	2019.212249	267	2007.338451	267
NaN	NaN	NaN	NaN	NaN	NaN	NaN	NaN	NaN	NaN	2019.212249	268	2007.338451	268
NaN	NaN	NaN	NaN	NaN	NaN	NaN	NaN	NaN	NaN	2019.215293	268	2007.370636	268
NaN	NaN	NaN	NaN	NaN	NaN	NaN	NaN	NaN	NaN	2019.215293	269	2007.370636	269
NaN	NaN	NaN	NaN	NaN	NaN	NaN	NaN	NaN	NaN	2019.302896	269	2007.416562	269
NaN	NaN	NaN	NaN	NaN	NaN	NaN	NaN	NaN	NaN	2019.302896	270	2007.416562	270
NaN	NaN	NaN	NaN	NaN	NaN	NaN	NaN	NaN	NaN	2019.456871	270	2007.448646	270
NaN	NaN	NaN	NaN	NaN	NaN	NaN	NaN	NaN	NaN	2019.456871	271	2007.448646	271
NaN	NaN	NaN	NaN	NaN	NaN	NaN	NaN	NaN	NaN	2019.46263	271	2007.45184	271
NaN	NaN	NaN	NaN	NaN	NaN	NaN	NaN	NaN	NaN	2019.46263	272	2007.45184	272
NaN	NaN	NaN	NaN	NaN	NaN	NaN	NaN	NaN	NaN	2019.513462	272	2007.47254	272
NaN	NaN	NaN	NaN	NaN	NaN	NaN	NaN	NaN	NaN	2019.513462	273	2007.47254	273
NaN	NaN	NaN	NaN	NaN	NaN	NaN	NaN	NaN	NaN	2019.525977	273	2007.534705	273
NaN	NaN	NaN	NaN	NaN	NaN	NaN	NaN	NaN	NaN	2019.525977	274	2007.534705	274
NaN	NaN	NaN	NaN	NaN	NaN	NaN	NaN	NaN	NaN	2019.598839	274	2007.538921	274
NaN	NaN	NaN	NaN	NaN	NaN	NaN	NaN	NaN	NaN	2019.598839	275	2007.538921	275
NaN	NaN	NaN	NaN	NaN	NaN	NaN	NaN	NaN	NaN	2019.662235	275	2007.546671	275
NaN	NaN	NaN	NaN	NaN	NaN	NaN	NaN	NaN	NaN	2019.662235	276	2007.546671	276
NaN	NaN	NaN	NaN	NaN	NaN	NaN	NaN	NaN	NaN	2019.719607	276	2007.575485	276
NaN	NaN	NaN	NaN	NaN	NaN	NaN	NaN	NaN	NaN	2019.719607	277	2007.575485	277
NaN	NaN	NaN	NaN	NaN	NaN	NaN	NaN	NaN	NaN	2019.727473	277	2007.785135	277
NaN	NaN	NaN	NaN	NaN	NaN	NaN	NaN	NaN	NaN	2019.727473	278	2007.785135	278
NaN	NaN	NaN	NaN	NaN	NaN	NaN	NaN	NaN	NaN	2019.732944	278	2007.815717	278
NaN	NaN	NaN	NaN	NaN	NaN	NaN	NaN	NaN	NaN	2019.732944	279	2007.815717	279
NaN	NaN	NaN	NaN	NaN	NaN	NaN	NaN	NaN	NaN	2019.878322	279	2007.827867	279
NaN	NaN	NaN	NaN	NaN	NaN	NaN	NaN	NaN	NaN	2019.878322	280	2007.827867	280
NaN	NaN	NaN	NaN	NaN	NaN	NaN	NaN	NaN	NaN	2019.899031	280	2007.965527	280
NaN	NaN	NaN	NaN	NaN	NaN	NaN	NaN	NaN	NaN	2019.899031	281	2007.965527	281
NaN	NaN	NaN	NaN	NaN	NaN	NaN	NaN	NaN	NaN	2019.977534	281	2007.970703	281
NaN	NaN	NaN	NaN	NaN	NaN	NaN	NaN	NaN	NaN	2019.977534	282	2007.970703	282
NaN	NaN	NaN	NaN	NaN	NaN	NaN	NaN	NaN	NaN	2020	282	2007.998008	282
NaN	NaN	NaN	NaN	NaN	NaN	NaN	NaN	NaN	NaN	NaN	NaN	2007.998008	283
NaN	NaN	NaN	NaN	NaN	NaN	NaN	NaN	NaN	NaN	NaN	NaN	2008.020128	283
NaN	NaN	NaN	NaN	NaN	NaN	NaN	NaN	NaN	NaN	NaN	NaN	2008.020128	284
NaN	NaN	NaN	NaN	NaN	NaN	NaN	NaN	NaN	NaN	NaN	NaN	2008.031515	284
NaN	NaN	NaN	NaN	NaN	NaN	NaN	NaN	NaN	NaN	NaN	NaN	2008.031515	285
NaN	NaN	NaN	NaN	NaN	NaN	NaN	NaN	NaN	NaN	NaN	NaN	2008.051414	285
NaN	NaN	NaN	NaN	NaN	NaN	NaN	NaN	NaN	NaN	NaN	NaN	2008.051414	286
NaN	NaN	NaN	NaN	NaN	NaN	NaN	NaN	NaN	NaN	NaN	NaN	2008.088475	286
NaN	NaN	NaN	NaN	NaN	NaN	NaN	NaN	NaN	NaN	NaN	NaN	2008.088475	287
NaN	NaN	NaN	NaN	NaN	NaN	NaN	NaN	NaN	NaN	NaN	NaN	2008.216125	287
NaN	NaN	NaN	NaN	NaN	NaN	NaN	NaN	NaN	NaN	NaN	NaN	2008.216125	288
NaN	NaN	NaN	NaN	NaN	NaN	NaN	NaN	NaN	NaN	NaN	NaN	2008.359396	288
NaN	NaN	NaN	NaN	NaN	NaN	NaN	NaN	NaN	NaN	NaN	NaN	2008.359396	289
NaN	NaN	NaN	NaN	NaN	NaN	NaN	NaN	NaN	NaN	NaN	NaN	2008.379471	289
NaN	NaN	NaN	NaN	NaN	NaN	NaN	NaN	NaN	NaN	NaN	NaN	2008.379471	290
NaN	NaN	NaN	NaN	NaN	NaN	NaN	NaN	NaN	NaN	NaN	NaN	2008.39372	290
NaN	NaN	NaN	NaN	NaN	NaN	NaN	NaN	NaN	NaN	NaN	NaN	2008.39372	291
NaN	NaN	NaN	NaN	NaN	NaN	NaN	NaN	NaN	NaN	NaN	NaN	2008.407001	291
NaN	NaN	NaN	NaN	NaN	NaN	NaN	NaN	NaN	NaN	NaN	NaN	2008.407001	292
NaN	NaN	NaN	NaN	NaN	NaN	NaN	NaN	NaN	NaN	NaN	NaN	2008.433998	292
NaN	NaN	NaN	NaN	NaN	NaN	NaN	NaN	NaN	NaN	NaN	NaN	2008.433998	293
NaN	NaN	NaN	NaN	NaN	NaN	NaN	NaN	NaN	NaN	NaN	NaN	2008.491534	293
NaN	NaN	NaN	NaN	NaN	NaN	NaN	NaN	NaN	NaN	NaN	NaN	2008.491534	294
NaN	NaN	NaN	NaN	NaN	NaN	NaN	NaN	NaN	NaN	NaN	NaN	2008.559338	294
NaN	NaN	NaN	NaN	NaN	NaN	NaN	NaN	NaN	NaN	NaN	NaN	2008.559338	295
NaN	NaN	NaN	NaN	NaN	NaN	NaN	NaN	NaN	NaN	NaN	NaN	2008.581399	295
NaN	NaN	NaN	NaN	NaN	NaN	NaN	NaN	NaN	NaN	NaN	NaN	2008.581399	296
NaN	NaN	NaN	NaN	NaN	NaN	NaN	NaN	NaN	NaN	NaN	NaN	2008.63659	296
NaN	NaN	NaN	NaN	NaN	NaN	NaN	NaN	NaN	NaN	NaN	NaN	2008.63659	297
NaN	NaN	NaN	NaN	NaN	NaN	NaN	NaN	NaN	NaN	NaN	NaN	2008.646443	297
NaN	NaN	NaN	NaN	NaN	NaN	NaN	NaN	NaN	NaN	NaN	NaN	2008.646443	298
NaN	NaN	NaN	NaN	NaN	NaN	NaN	NaN	NaN	NaN	NaN	NaN	2008.647658	298
NaN	NaN	NaN	NaN	NaN	NaN	NaN	NaN	NaN	NaN	NaN	NaN	2008.647658	299
NaN	NaN	NaN	NaN	NaN	NaN	NaN	NaN	NaN	NaN	NaN	NaN	2008.654104	299
NaN	NaN	NaN	NaN	NaN	NaN	NaN	NaN	NaN	NaN	NaN	NaN	2008.654104	300
NaN	NaN	NaN	NaN	NaN	NaN	NaN	NaN	NaN	NaN	NaN	NaN	2008.660793	300
NaN	NaN	NaN	NaN	NaN	NaN	NaN	NaN	NaN	NaN	NaN	NaN	2008.660793	301
NaN	NaN	NaN	NaN	NaN	NaN	NaN	NaN	NaN	NaN	NaN	NaN	2008.760196	301
NaN	NaN	NaN	NaN	NaN	NaN	NaN	NaN	NaN	NaN	NaN	NaN	2008.760196	302
NaN	NaN	NaN	NaN	NaN	NaN	NaN	NaN	NaN	NaN	NaN	NaN	2008.762094	302
NaN	NaN	NaN	NaN	NaN	NaN	NaN	NaN	NaN	NaN	NaN	NaN	2008.762094	303
NaN	NaN	NaN	NaN	NaN	NaN	NaN	NaN	NaN	NaN	NaN	NaN	2008.77585	303
NaN	NaN	NaN	NaN	NaN	NaN	NaN	NaN	NaN	NaN	NaN	NaN	2008.77585	304
NaN	NaN	NaN	NaN	NaN	NaN	NaN	NaN	NaN	NaN	NaN	NaN	2008.857103	304
NaN	NaN	NaN	NaN	NaN	NaN	NaN	NaN	NaN	NaN	NaN	NaN	2008.857103	305
NaN	NaN	NaN	NaN	NaN	NaN	NaN	NaN	NaN	NaN	NaN	NaN	2009.020689	305
NaN	NaN	NaN	NaN	NaN	NaN	NaN	NaN	NaN	NaN	NaN	NaN	2009.020689	306
NaN	NaN	NaN	NaN	NaN	NaN	NaN	NaN	NaN	NaN	NaN	NaN	2009.136643	306
NaN	NaN	NaN	NaN	NaN	NaN	NaN	NaN	NaN	NaN	NaN	NaN	2009.136643	307
NaN	NaN	NaN	NaN	NaN	NaN	NaN	NaN	NaN	NaN	NaN	NaN	2009.163594	307
NaN	NaN	NaN	NaN	NaN	NaN	NaN	NaN	NaN	NaN	NaN	NaN	2009.163594	308
NaN	NaN	NaN	NaN	NaN	NaN	NaN	NaN	NaN	NaN	NaN	NaN	2009.259588	308
NaN	NaN	NaN	NaN	NaN	NaN	NaN	NaN	NaN	NaN	NaN	NaN	2009.259588	309
NaN	NaN	NaN	NaN	NaN	NaN	NaN	NaN	NaN	NaN	NaN	NaN	2009.518061	309
NaN	NaN	NaN	NaN	NaN	NaN	NaN	NaN	NaN	NaN	NaN	NaN	2009.518061	310
NaN	NaN	NaN	NaN	NaN	NaN	NaN	NaN	NaN	NaN	NaN	NaN	2009.534266	310
NaN	NaN	NaN	NaN	NaN	NaN	NaN	NaN	NaN	NaN	NaN	NaN	2009.534266	311
NaN	NaN	NaN	NaN	NaN	NaN	NaN	NaN	NaN	NaN	NaN	NaN	2009.558202	311
NaN	NaN	NaN	NaN	NaN	NaN	NaN	NaN	NaN	NaN	NaN	NaN	2009.558202	312
NaN	NaN	NaN	NaN	NaN	NaN	NaN	NaN	NaN	NaN	NaN	NaN	2009.606408	312
NaN	NaN	NaN	NaN	NaN	NaN	NaN	NaN	NaN	NaN	NaN	NaN	2009.606408	313
NaN	NaN	NaN	NaN	NaN	NaN	NaN	NaN	NaN	NaN	NaN	NaN	2009.653875	313
NaN	NaN	NaN	NaN	NaN	NaN	NaN	NaN	NaN	NaN	NaN	NaN	2009.653875	314
NaN	NaN	NaN	NaN	NaN	NaN	NaN	NaN	NaN	NaN	NaN	NaN	2009.683629	314
NaN	NaN	NaN	NaN	NaN	NaN	NaN	NaN	NaN	NaN	NaN	NaN	2009.683629	315
NaN	NaN	NaN	NaN	NaN	NaN	NaN	NaN	NaN	NaN	NaN	NaN	2009.697023	315
NaN	NaN	NaN	NaN	NaN	NaN	NaN	NaN	NaN	NaN	NaN	NaN	2009.697023	316
NaN	NaN	NaN	NaN	NaN	NaN	NaN	NaN	NaN	NaN	NaN	NaN	2009.82465	316
NaN	NaN	NaN	NaN	NaN	NaN	NaN	NaN	NaN	NaN	NaN	NaN	2009.82465	317
NaN	NaN	NaN	NaN	NaN	NaN	NaN	NaN	NaN	NaN	NaN	NaN	2009.850348	317
NaN	NaN	NaN	NaN	NaN	NaN	NaN	NaN	NaN	NaN	NaN	NaN	2009.850348	318
NaN	NaN	NaN	NaN	NaN	NaN	NaN	NaN	NaN	NaN	NaN	NaN	2009.860576	318
NaN	NaN	NaN	NaN	NaN	NaN	NaN	NaN	NaN	NaN	NaN	NaN	2009.860576	319
NaN	NaN	NaN	NaN	NaN	NaN	NaN	NaN	NaN	NaN	NaN	NaN	2009.995302	319
NaN	NaN	NaN	NaN	NaN	NaN	NaN	NaN	NaN	NaN	NaN	NaN	2009.995302	320
NaN	NaN	NaN	NaN	NaN	NaN	NaN	NaN	NaN	NaN	NaN	NaN	2010.023324	320
NaN	NaN	NaN	NaN	NaN	NaN	NaN	NaN	NaN	NaN	NaN	NaN	2010.023324	321
NaN	NaN	NaN	NaN	NaN	NaN	NaN	NaN	NaN	NaN	NaN	NaN	2010.031244	321
NaN	NaN	NaN	NaN	NaN	NaN	NaN	NaN	NaN	NaN	NaN	NaN	2010.031244	322
NaN	NaN	NaN	NaN	NaN	NaN	NaN	NaN	NaN	NaN	NaN	NaN	2010.145479	322
NaN	NaN	NaN	NaN	NaN	NaN	NaN	NaN	NaN	NaN	NaN	NaN	2010.145479	323
NaN	NaN	NaN	NaN	NaN	NaN	NaN	NaN	NaN	NaN	NaN	NaN	2010.179619	323
NaN	NaN	NaN	NaN	NaN	NaN	NaN	NaN	NaN	NaN	NaN	NaN	2010.179619	324
NaN	NaN	NaN	NaN	NaN	NaN	NaN	NaN	NaN	NaN	NaN	NaN	2010.223375	324
NaN	NaN	NaN	NaN	NaN	NaN	NaN	NaN	NaN	NaN	NaN	NaN	2010.223375	325
NaN	NaN	NaN	NaN	NaN	NaN	NaN	NaN	NaN	NaN	NaN	NaN	2010.226499	325
NaN	NaN	NaN	NaN	NaN	NaN	NaN	NaN	NaN	NaN	NaN	NaN	2010.226499	326
NaN	NaN	NaN	NaN	NaN	NaN	NaN	NaN	NaN	NaN	NaN	NaN	2010.255838	326
NaN	NaN	NaN	NaN	NaN	NaN	NaN	NaN	NaN	NaN	NaN	NaN	2010.255838	327
NaN	NaN	NaN	NaN	NaN	NaN	NaN	NaN	NaN	NaN	NaN	NaN	2010.450884	327
NaN	NaN	NaN	NaN	NaN	NaN	NaN	NaN	NaN	NaN	NaN	NaN	2010.450884	328
NaN	NaN	NaN	NaN	NaN	NaN	NaN	NaN	NaN	NaN	NaN	NaN	2010.453468	328
NaN	NaN	NaN	NaN	NaN	NaN	NaN	NaN	NaN	NaN	NaN	NaN	2010.453468	329
NaN	NaN	NaN	NaN	NaN	NaN	NaN	NaN	NaN	NaN	NaN	NaN	2010.513335	329
NaN	NaN	NaN	NaN	NaN	NaN	NaN	NaN	NaN	NaN	NaN	NaN	2010.513335	330
NaN	NaN	NaN	NaN	NaN	NaN	NaN	NaN	NaN	NaN	NaN	NaN	2010.529767	330
NaN	NaN	NaN	NaN	NaN	NaN	NaN	NaN	NaN	NaN	NaN	NaN	2010.529767	331
NaN	NaN	NaN	NaN	NaN	NaN	NaN	NaN	NaN	NaN	NaN	NaN	2010.557402	331
NaN	NaN	NaN	NaN	NaN	NaN	NaN	NaN	NaN	NaN	NaN	NaN	2010.557402	332
NaN	NaN	NaN	NaN	NaN	NaN	NaN	NaN	NaN	NaN	NaN	NaN	2010.736411	332
NaN	NaN	NaN	NaN	NaN	NaN	NaN	NaN	NaN	NaN	NaN	NaN	2010.736411	333
NaN	NaN	NaN	NaN	NaN	NaN	NaN	NaN	NaN	NaN	NaN	NaN	2010.872195	333
NaN	NaN	NaN	NaN	NaN	NaN	NaN	NaN	NaN	NaN	NaN	NaN	2010.872195	334
NaN	NaN	NaN	NaN	NaN	NaN	NaN	NaN	NaN	NaN	NaN	NaN	2010.960199	334
NaN	NaN	NaN	NaN	NaN	NaN	NaN	NaN	NaN	NaN	NaN	NaN	2010.960199	335
NaN	NaN	NaN	NaN	NaN	NaN	NaN	NaN	NaN	NaN	NaN	NaN	2011.003005	335
NaN	NaN	NaN	NaN	NaN	NaN	NaN	NaN	NaN	NaN	NaN	NaN	2011.003005	336
NaN	NaN	NaN	NaN	NaN	NaN	NaN	NaN	NaN	NaN	NaN	NaN	2011.122697	336
NaN	NaN	NaN	NaN	NaN	NaN	NaN	NaN	NaN	NaN	NaN	NaN	2011.122697	337
NaN	NaN	NaN	NaN	NaN	NaN	NaN	NaN	NaN	NaN	NaN	NaN	2011.138373	337
NaN	NaN	NaN	NaN	NaN	NaN	NaN	NaN	NaN	NaN	NaN	NaN	2011.138373	338
NaN	NaN	NaN	NaN	NaN	NaN	NaN	NaN	NaN	NaN	NaN	NaN	2011.378081	338
NaN	NaN	NaN	NaN	NaN	NaN	NaN	NaN	NaN	NaN	NaN	NaN	2011.378081	339
NaN	NaN	NaN	NaN	NaN	NaN	NaN	NaN	NaN	NaN	NaN	NaN	2011.443822	339
NaN	NaN	NaN	NaN	NaN	NaN	NaN	NaN	NaN	NaN	NaN	NaN	2011.443822	340
NaN	NaN	NaN	NaN	NaN	NaN	NaN	NaN	NaN	NaN	NaN	NaN	2011.44697	340
NaN	NaN	NaN	NaN	NaN	NaN	NaN	NaN	NaN	NaN	NaN	NaN	2011.44697	341
NaN	NaN	NaN	NaN	NaN	NaN	NaN	NaN	NaN	NaN	NaN	NaN	2011.545014	341
NaN	NaN	NaN	NaN	NaN	NaN	NaN	NaN	NaN	NaN	NaN	NaN	2011.545014	342
NaN	NaN	NaN	NaN	NaN	NaN	NaN	NaN	NaN	NaN	NaN	NaN	2011.606903	342
NaN	NaN	NaN	NaN	NaN	NaN	NaN	NaN	NaN	NaN	NaN	NaN	2011.606903	343
NaN	NaN	NaN	NaN	NaN	NaN	NaN	NaN	NaN	NaN	NaN	NaN	2011.687394	343
NaN	NaN	NaN	NaN	NaN	NaN	NaN	NaN	NaN	NaN	NaN	NaN	2011.687394	344
NaN	NaN	NaN	NaN	NaN	NaN	NaN	NaN	NaN	NaN	NaN	NaN	2011.695955	344
NaN	NaN	NaN	NaN	NaN	NaN	NaN	NaN	NaN	NaN	NaN	NaN	2011.695955	345
NaN	NaN	NaN	NaN	NaN	NaN	NaN	NaN	NaN	NaN	NaN	NaN	2011.714644	345
NaN	NaN	NaN	NaN	NaN	NaN	NaN	NaN	NaN	NaN	NaN	NaN	2011.714644	346
NaN	NaN	NaN	NaN	NaN	NaN	NaN	NaN	NaN	NaN	NaN	NaN	2011.721124	346
NaN	NaN	NaN	NaN	NaN	NaN	NaN	NaN	NaN	NaN	NaN	NaN	2011.721124	347
NaN	NaN	NaN	NaN	NaN	NaN	NaN	NaN	NaN	NaN	NaN	NaN	2011.774252	347
NaN	NaN	NaN	NaN	NaN	NaN	NaN	NaN	NaN	NaN	NaN	NaN	2011.774252	348
NaN	NaN	NaN	NaN	NaN	NaN	NaN	NaN	NaN	NaN	NaN	NaN	2011.806832	348
NaN	NaN	NaN	NaN	NaN	NaN	NaN	NaN	NaN	NaN	NaN	NaN	2011.806832	349
NaN	NaN	NaN	NaN	NaN	NaN	NaN	NaN	NaN	NaN	NaN	NaN	2011.844386	349
NaN	NaN	NaN	NaN	NaN	NaN	NaN	NaN	NaN	NaN	NaN	NaN	2011.844386	350
NaN	NaN	NaN	NaN	NaN	NaN	NaN	NaN	NaN	NaN	NaN	NaN	2011.961829	350
NaN	NaN	NaN	NaN	NaN	NaN	NaN	NaN	NaN	NaN	NaN	NaN	2011.961829	351
NaN	NaN	NaN	NaN	NaN	NaN	NaN	NaN	NaN	NaN	NaN	NaN	2012.20351	351
NaN	NaN	NaN	NaN	NaN	NaN	NaN	NaN	NaN	NaN	NaN	NaN	2012.20351	352
NaN	NaN	NaN	NaN	NaN	NaN	NaN	NaN	NaN	NaN	NaN	NaN	2012.287736	352
NaN	NaN	NaN	NaN	NaN	NaN	NaN	NaN	NaN	NaN	NaN	NaN	2012.287736	353
NaN	NaN	NaN	NaN	NaN	NaN	NaN	NaN	NaN	NaN	NaN	NaN	2012.345502	353
NaN	NaN	NaN	NaN	NaN	NaN	NaN	NaN	NaN	NaN	NaN	NaN	2012.345502	354
NaN	NaN	NaN	NaN	NaN	NaN	NaN	NaN	NaN	NaN	NaN	NaN	2012.361337	354
NaN	NaN	NaN	NaN	NaN	NaN	NaN	NaN	NaN	NaN	NaN	NaN	2012.361337	355
NaN	NaN	NaN	NaN	NaN	NaN	NaN	NaN	NaN	NaN	NaN	NaN	2012.380797	355
NaN	NaN	NaN	NaN	NaN	NaN	NaN	NaN	NaN	NaN	NaN	NaN	2012.380797	356
NaN	NaN	NaN	NaN	NaN	NaN	NaN	NaN	NaN	NaN	NaN	NaN	2012.426594	356
NaN	NaN	NaN	NaN	NaN	NaN	NaN	NaN	NaN	NaN	NaN	NaN	2012.426594	357
NaN	NaN	NaN	NaN	NaN	NaN	NaN	NaN	NaN	NaN	NaN	NaN	2012.430309	357
NaN	NaN	NaN	NaN	NaN	NaN	NaN	NaN	NaN	NaN	NaN	NaN	2012.430309	358
NaN	NaN	NaN	NaN	NaN	NaN	NaN	NaN	NaN	NaN	NaN	NaN	2012.477298	358
NaN	NaN	NaN	NaN	NaN	NaN	NaN	NaN	NaN	NaN	NaN	NaN	2012.477298	359
NaN	NaN	NaN	NaN	NaN	NaN	NaN	NaN	NaN	NaN	NaN	NaN	2012.492485	359
NaN	NaN	NaN	NaN	NaN	NaN	NaN	NaN	NaN	NaN	NaN	NaN	2012.492485	360
NaN	NaN	NaN	NaN	NaN	NaN	NaN	NaN	NaN	NaN	NaN	NaN	2012.538507	360
NaN	NaN	NaN	NaN	NaN	NaN	NaN	NaN	NaN	NaN	NaN	NaN	2012.538507	361
NaN	NaN	NaN	NaN	NaN	NaN	NaN	NaN	NaN	NaN	NaN	NaN	2012.573622	361
NaN	NaN	NaN	NaN	NaN	NaN	NaN	NaN	NaN	NaN	NaN	NaN	2012.573622	362
NaN	NaN	NaN	NaN	NaN	NaN	NaN	NaN	NaN	NaN	NaN	NaN	2012.609216	362
NaN	NaN	NaN	NaN	NaN	NaN	NaN	NaN	NaN	NaN	NaN	NaN	2012.609216	363
NaN	NaN	NaN	NaN	NaN	NaN	NaN	NaN	NaN	NaN	NaN	NaN	2012.611771	363
NaN	NaN	NaN	NaN	NaN	NaN	NaN	NaN	NaN	NaN	NaN	NaN	2012.611771	364
NaN	NaN	NaN	NaN	NaN	NaN	NaN	NaN	NaN	NaN	NaN	NaN	2012.628074	364
NaN	NaN	NaN	NaN	NaN	NaN	NaN	NaN	NaN	NaN	NaN	NaN	2012.628074	365
NaN	NaN	NaN	NaN	NaN	NaN	NaN	NaN	NaN	NaN	NaN	NaN	2012.677926	365
NaN	NaN	NaN	NaN	NaN	NaN	NaN	NaN	NaN	NaN	NaN	NaN	2012.677926	366
NaN	NaN	NaN	NaN	NaN	NaN	NaN	NaN	NaN	NaN	NaN	NaN	2012.682105	366
NaN	NaN	NaN	NaN	NaN	NaN	NaN	NaN	NaN	NaN	NaN	NaN	2012.682105	367
NaN	NaN	NaN	NaN	NaN	NaN	NaN	NaN	NaN	NaN	NaN	NaN	2012.784192	367
NaN	NaN	NaN	NaN	NaN	NaN	NaN	NaN	NaN	NaN	NaN	NaN	2012.784192	368
NaN	NaN	NaN	NaN	NaN	NaN	NaN	NaN	NaN	NaN	NaN	NaN	2012.849469	368
NaN	NaN	NaN	NaN	NaN	NaN	NaN	NaN	NaN	NaN	NaN	NaN	2012.849469	369
NaN	NaN	NaN	NaN	NaN	NaN	NaN	NaN	NaN	NaN	NaN	NaN	2012.850627	369
NaN	NaN	NaN	NaN	NaN	NaN	NaN	NaN	NaN	NaN	NaN	NaN	2012.850627	370
NaN	NaN	NaN	NaN	NaN	NaN	NaN	NaN	NaN	NaN	NaN	NaN	2012.859823	370
NaN	NaN	NaN	NaN	NaN	NaN	NaN	NaN	NaN	NaN	NaN	NaN	2012.859823	371
NaN	NaN	NaN	NaN	NaN	NaN	NaN	NaN	NaN	NaN	NaN	NaN	2012.976218	371
NaN	NaN	NaN	NaN	NaN	NaN	NaN	NaN	NaN	NaN	NaN	NaN	2012.976218	372
NaN	NaN	NaN	NaN	NaN	NaN	NaN	NaN	NaN	NaN	NaN	NaN	2013.150741	372
NaN	NaN	NaN	NaN	NaN	NaN	NaN	NaN	NaN	NaN	NaN	NaN	2013.150741	373
NaN	NaN	NaN	NaN	NaN	NaN	NaN	NaN	NaN	NaN	NaN	NaN	2013.26898	373
NaN	NaN	NaN	NaN	NaN	NaN	NaN	NaN	NaN	NaN	NaN	NaN	2013.26898	374
NaN	NaN	NaN	NaN	NaN	NaN	NaN	NaN	NaN	NaN	NaN	NaN	2013.278183	374
NaN	NaN	NaN	NaN	NaN	NaN	NaN	NaN	NaN	NaN	NaN	NaN	2013.278183	375
NaN	NaN	NaN	NaN	NaN	NaN	NaN	NaN	NaN	NaN	NaN	NaN	2013.289405	375
NaN	NaN	NaN	NaN	NaN	NaN	NaN	NaN	NaN	NaN	NaN	NaN	2013.289405	376
NaN	NaN	NaN	NaN	NaN	NaN	NaN	NaN	NaN	NaN	NaN	NaN	2013.297747	376
NaN	NaN	NaN	NaN	NaN	NaN	NaN	NaN	NaN	NaN	NaN	NaN	2013.297747	377
NaN	NaN	NaN	NaN	NaN	NaN	NaN	NaN	NaN	NaN	NaN	NaN	2013.328651	377
NaN	NaN	NaN	NaN	NaN	NaN	NaN	NaN	NaN	NaN	NaN	NaN	2013.328651	378
NaN	NaN	NaN	NaN	NaN	NaN	NaN	NaN	NaN	NaN	NaN	NaN	2013.39126	378
NaN	NaN	NaN	NaN	NaN	NaN	NaN	NaN	NaN	NaN	NaN	NaN	2013.39126	379
NaN	NaN	NaN	NaN	NaN	NaN	NaN	NaN	NaN	NaN	NaN	NaN	2013.397004	379
NaN	NaN	NaN	NaN	NaN	NaN	NaN	NaN	NaN	NaN	NaN	NaN	2013.397004	380
NaN	NaN	NaN	NaN	NaN	NaN	NaN	NaN	NaN	NaN	NaN	NaN	2013.414347	380
NaN	NaN	NaN	NaN	NaN	NaN	NaN	NaN	NaN	NaN	NaN	NaN	2013.414347	381
NaN	NaN	NaN	NaN	NaN	NaN	NaN	NaN	NaN	NaN	NaN	NaN	2013.502551	381
NaN	NaN	NaN	NaN	NaN	NaN	NaN	NaN	NaN	NaN	NaN	NaN	2013.502551	382
NaN	NaN	NaN	NaN	NaN	NaN	NaN	NaN	NaN	NaN	NaN	NaN	2013.635939	382
NaN	NaN	NaN	NaN	NaN	NaN	NaN	NaN	NaN	NaN	NaN	NaN	2013.635939	383
NaN	NaN	NaN	NaN	NaN	NaN	NaN	NaN	NaN	NaN	NaN	NaN	2013.661884	383
NaN	NaN	NaN	NaN	NaN	NaN	NaN	NaN	NaN	NaN	NaN	NaN	2013.661884	384
NaN	NaN	NaN	NaN	NaN	NaN	NaN	NaN	NaN	NaN	NaN	NaN	2013.676989	384
NaN	NaN	NaN	NaN	NaN	NaN	NaN	NaN	NaN	NaN	NaN	NaN	2013.676989	385
NaN	NaN	NaN	NaN	NaN	NaN	NaN	NaN	NaN	NaN	NaN	NaN	2013.889899	385
NaN	NaN	NaN	NaN	NaN	NaN	NaN	NaN	NaN	NaN	NaN	NaN	2013.889899	386
NaN	NaN	NaN	NaN	NaN	NaN	NaN	NaN	NaN	NaN	NaN	NaN	2013.907125	386
NaN	NaN	NaN	NaN	NaN	NaN	NaN	NaN	NaN	NaN	NaN	NaN	2013.907125	387
NaN	NaN	NaN	NaN	NaN	NaN	NaN	NaN	NaN	NaN	NaN	NaN	2014.068666	387
NaN	NaN	NaN	NaN	NaN	NaN	NaN	NaN	NaN	NaN	NaN	NaN	2014.068666	388
NaN	NaN	NaN	NaN	NaN	NaN	NaN	NaN	NaN	NaN	NaN	NaN	2014.114685	388
NaN	NaN	NaN	NaN	NaN	NaN	NaN	NaN	NaN	NaN	NaN	NaN	2014.114685	389
NaN	NaN	NaN	NaN	NaN	NaN	NaN	NaN	NaN	NaN	NaN	NaN	2014.243861	389
NaN	NaN	NaN	NaN	NaN	NaN	NaN	NaN	NaN	NaN	NaN	NaN	2014.243861	390
NaN	NaN	NaN	NaN	NaN	NaN	NaN	NaN	NaN	NaN	NaN	NaN	2014.272355	390
NaN	NaN	NaN	NaN	NaN	NaN	NaN	NaN	NaN	NaN	NaN	NaN	2014.272355	391
NaN	NaN	NaN	NaN	NaN	NaN	NaN	NaN	NaN	NaN	NaN	NaN	2014.29323	391
NaN	NaN	NaN	NaN	NaN	NaN	NaN	NaN	NaN	NaN	NaN	NaN	2014.29323	392
NaN	NaN	NaN	NaN	NaN	NaN	NaN	NaN	NaN	NaN	NaN	NaN	2014.30837	392
NaN	NaN	NaN	NaN	NaN	NaN	NaN	NaN	NaN	NaN	NaN	NaN	2014.30837	393
NaN	NaN	NaN	NaN	NaN	NaN	NaN	NaN	NaN	NaN	NaN	NaN	2014.389781	393
NaN	NaN	NaN	NaN	NaN	NaN	NaN	NaN	NaN	NaN	NaN	NaN	2014.389781	394
NaN	NaN	NaN	NaN	NaN	NaN	NaN	NaN	NaN	NaN	NaN	NaN	2014.408332	394
NaN	NaN	NaN	NaN	NaN	NaN	NaN	NaN	NaN	NaN	NaN	NaN	2014.408332	395
NaN	NaN	NaN	NaN	NaN	NaN	NaN	NaN	NaN	NaN	NaN	NaN	2014.452466	395
NaN	NaN	NaN	NaN	NaN	NaN	NaN	NaN	NaN	NaN	NaN	NaN	2014.452466	396
NaN	NaN	NaN	NaN	NaN	NaN	NaN	NaN	NaN	NaN	NaN	NaN	2014.539337	396
NaN	NaN	NaN	NaN	NaN	NaN	NaN	NaN	NaN	NaN	NaN	NaN	2014.539337	397
NaN	NaN	NaN	NaN	NaN	NaN	NaN	NaN	NaN	NaN	NaN	NaN	2014.585501	397
NaN	NaN	NaN	NaN	NaN	NaN	NaN	NaN	NaN	NaN	NaN	NaN	2014.585501	398
NaN	NaN	NaN	NaN	NaN	NaN	NaN	NaN	NaN	NaN	NaN	NaN	2014.625888	398
NaN	NaN	NaN	NaN	NaN	NaN	NaN	NaN	NaN	NaN	NaN	NaN	2014.625888	399
NaN	NaN	NaN	NaN	NaN	NaN	NaN	NaN	NaN	NaN	NaN	NaN	2014.643206	399
NaN	NaN	NaN	NaN	NaN	NaN	NaN	NaN	NaN	NaN	NaN	NaN	2014.643206	400
NaN	NaN	NaN	NaN	NaN	NaN	NaN	NaN	NaN	NaN	NaN	NaN	2014.665262	400
NaN	NaN	NaN	NaN	NaN	NaN	NaN	NaN	NaN	NaN	NaN	NaN	2014.665262	401
NaN	NaN	NaN	NaN	NaN	NaN	NaN	NaN	NaN	NaN	NaN	NaN	2014.68117	401
NaN	NaN	NaN	NaN	NaN	NaN	NaN	NaN	NaN	NaN	NaN	NaN	2014.68117	402
NaN	NaN	NaN	NaN	NaN	NaN	NaN	NaN	NaN	NaN	NaN	NaN	2014.742153	402
NaN	NaN	NaN	NaN	NaN	NaN	NaN	NaN	NaN	NaN	NaN	NaN	2014.742153	403
NaN	NaN	NaN	NaN	NaN	NaN	NaN	NaN	NaN	NaN	NaN	NaN	2014.764069	403
NaN	NaN	NaN	NaN	NaN	NaN	NaN	NaN	NaN	NaN	NaN	NaN	2014.764069	404
NaN	NaN	NaN	NaN	NaN	NaN	NaN	NaN	NaN	NaN	NaN	NaN	2014.785681	404
NaN	NaN	NaN	NaN	NaN	NaN	NaN	NaN	NaN	NaN	NaN	NaN	2014.785681	405
NaN	NaN	NaN	NaN	NaN	NaN	NaN	NaN	NaN	NaN	NaN	NaN	2014.785946	405
NaN	NaN	NaN	NaN	NaN	NaN	NaN	NaN	NaN	NaN	NaN	NaN	2014.785946	406
NaN	NaN	NaN	NaN	NaN	NaN	NaN	NaN	NaN	NaN	NaN	NaN	2014.889451	406
NaN	NaN	NaN	NaN	NaN	NaN	NaN	NaN	NaN	NaN	NaN	NaN	2014.889451	407
NaN	NaN	NaN	NaN	NaN	NaN	NaN	NaN	NaN	NaN	NaN	NaN	2014.9186	407
NaN	NaN	NaN	NaN	NaN	NaN	NaN	NaN	NaN	NaN	NaN	NaN	2014.9186	408
NaN	NaN	NaN	NaN	NaN	NaN	NaN	NaN	NaN	NaN	NaN	NaN	2014.930891	408
NaN	NaN	NaN	NaN	NaN	NaN	NaN	NaN	NaN	NaN	NaN	NaN	2014.930891	409
NaN	NaN	NaN	NaN	NaN	NaN	NaN	NaN	NaN	NaN	NaN	NaN	2015.01093	409
NaN	NaN	NaN	NaN	NaN	NaN	NaN	NaN	NaN	NaN	NaN	NaN	2015.01093	410
NaN	NaN	NaN	NaN	NaN	NaN	NaN	NaN	NaN	NaN	NaN	NaN	2015.103713	410
NaN	NaN	NaN	NaN	NaN	NaN	NaN	NaN	NaN	NaN	NaN	NaN	2015.103713	411
NaN	NaN	NaN	NaN	NaN	NaN	NaN	NaN	NaN	NaN	NaN	NaN	2015.239082	411
NaN	NaN	NaN	NaN	NaN	NaN	NaN	NaN	NaN	NaN	NaN	NaN	2015.239082	412
NaN	NaN	NaN	NaN	NaN	NaN	NaN	NaN	NaN	NaN	NaN	NaN	2015.310768	412
NaN	NaN	NaN	NaN	NaN	NaN	NaN	NaN	NaN	NaN	NaN	NaN	2015.310768	413
NaN	NaN	NaN	NaN	NaN	NaN	NaN	NaN	NaN	NaN	NaN	NaN	2015.334986	413
NaN	NaN	NaN	NaN	NaN	NaN	NaN	NaN	NaN	NaN	NaN	NaN	2015.334986	414
NaN	NaN	NaN	NaN	NaN	NaN	NaN	NaN	NaN	NaN	NaN	NaN	2015.570177	414
NaN	NaN	NaN	NaN	NaN	NaN	NaN	NaN	NaN	NaN	NaN	NaN	2015.570177	415
NaN	NaN	NaN	NaN	NaN	NaN	NaN	NaN	NaN	NaN	NaN	NaN	2015.59496	415
NaN	NaN	NaN	NaN	NaN	NaN	NaN	NaN	NaN	NaN	NaN	NaN	2015.59496	416
NaN	NaN	NaN	NaN	NaN	NaN	NaN	NaN	NaN	NaN	NaN	NaN	2015.790503	416
NaN	NaN	NaN	NaN	NaN	NaN	NaN	NaN	NaN	NaN	NaN	NaN	2015.790503	417
NaN	NaN	NaN	NaN	NaN	NaN	NaN	NaN	NaN	NaN	NaN	NaN	2015.808129	417
NaN	NaN	NaN	NaN	NaN	NaN	NaN	NaN	NaN	NaN	NaN	NaN	2015.808129	418
NaN	NaN	NaN	NaN	NaN	NaN	NaN	NaN	NaN	NaN	NaN	NaN	2015.874877	418
NaN	NaN	NaN	NaN	NaN	NaN	NaN	NaN	NaN	NaN	NaN	NaN	2015.874877	419
NaN	NaN	NaN	NaN	NaN	NaN	NaN	NaN	NaN	NaN	NaN	NaN	2015.876054	419
NaN	NaN	NaN	NaN	NaN	NaN	NaN	NaN	NaN	NaN	NaN	NaN	2015.876054	420
NaN	NaN	NaN	NaN	NaN	NaN	NaN	NaN	NaN	NaN	NaN	NaN	2015.89839	420
NaN	NaN	NaN	NaN	NaN	NaN	NaN	NaN	NaN	NaN	NaN	NaN	2015.89839	421
NaN	NaN	NaN	NaN	NaN	NaN	NaN	NaN	NaN	NaN	NaN	NaN	2015.92971	421
NaN	NaN	NaN	NaN	NaN	NaN	NaN	NaN	NaN	NaN	NaN	NaN	2015.92971	422
NaN	NaN	NaN	NaN	NaN	NaN	NaN	NaN	NaN	NaN	NaN	NaN	2016.24981	422
NaN	NaN	NaN	NaN	NaN	NaN	NaN	NaN	NaN	NaN	NaN	NaN	2016.24981	423
NaN	NaN	NaN	NaN	NaN	NaN	NaN	NaN	NaN	NaN	NaN	NaN	2016.290209	423
NaN	NaN	NaN	NaN	NaN	NaN	NaN	NaN	NaN	NaN	NaN	NaN	2016.290209	424
NaN	NaN	NaN	NaN	NaN	NaN	NaN	NaN	NaN	NaN	NaN	NaN	2016.438447	424
NaN	NaN	NaN	NaN	NaN	NaN	NaN	NaN	NaN	NaN	NaN	NaN	2016.438447	425
NaN	NaN	NaN	NaN	NaN	NaN	NaN	NaN	NaN	NaN	NaN	NaN	2016.483149	425
NaN	NaN	NaN	NaN	NaN	NaN	NaN	NaN	NaN	NaN	NaN	NaN	2016.483149	426
NaN	NaN	NaN	NaN	NaN	NaN	NaN	NaN	NaN	NaN	NaN	NaN	2016.643579	426
NaN	NaN	NaN	NaN	NaN	NaN	NaN	NaN	NaN	NaN	NaN	NaN	2016.643579	427
NaN	NaN	NaN	NaN	NaN	NaN	NaN	NaN	NaN	NaN	NaN	NaN	2016.672148	427
NaN	NaN	NaN	NaN	NaN	NaN	NaN	NaN	NaN	NaN	NaN	NaN	2016.672148	428
NaN	NaN	NaN	NaN	NaN	NaN	NaN	NaN	NaN	NaN	NaN	NaN	2016.673812	428
NaN	NaN	NaN	NaN	NaN	NaN	NaN	NaN	NaN	NaN	NaN	NaN	2016.673812	429
NaN	NaN	NaN	NaN	NaN	NaN	NaN	NaN	NaN	NaN	NaN	NaN	2016.69136	429
NaN	NaN	NaN	NaN	NaN	NaN	NaN	NaN	NaN	NaN	NaN	NaN	2016.69136	430
NaN	NaN	NaN	NaN	NaN	NaN	NaN	NaN	NaN	NaN	NaN	NaN	2016.696732	430
NaN	NaN	NaN	NaN	NaN	NaN	NaN	NaN	NaN	NaN	NaN	NaN	2016.696732	431
NaN	NaN	NaN	NaN	NaN	NaN	NaN	NaN	NaN	NaN	NaN	NaN	2016.701115	431
NaN	NaN	NaN	NaN	NaN	NaN	NaN	NaN	NaN	NaN	NaN	NaN	2016.701115	432
NaN	NaN	NaN	NaN	NaN	NaN	NaN	NaN	NaN	NaN	NaN	NaN	2016.704307	432
NaN	NaN	NaN	NaN	NaN	NaN	NaN	NaN	NaN	NaN	NaN	NaN	2016.704307	433
NaN	NaN	NaN	NaN	NaN	NaN	NaN	NaN	NaN	NaN	NaN	NaN	2016.788073	433
NaN	NaN	NaN	NaN	NaN	NaN	NaN	NaN	NaN	NaN	NaN	NaN	2016.788073	434
NaN	NaN	NaN	NaN	NaN	NaN	NaN	NaN	NaN	NaN	NaN	NaN	2016.817839	434
NaN	NaN	NaN	NaN	NaN	NaN	NaN	NaN	NaN	NaN	NaN	NaN	2016.817839	435
NaN	NaN	NaN	NaN	NaN	NaN	NaN	NaN	NaN	NaN	NaN	NaN	2016.889459	435
NaN	NaN	NaN	NaN	NaN	NaN	NaN	NaN	NaN	NaN	NaN	NaN	2016.889459	436
NaN	NaN	NaN	NaN	NaN	NaN	NaN	NaN	NaN	NaN	NaN	NaN	2016.899659	436
NaN	NaN	NaN	NaN	NaN	NaN	NaN	NaN	NaN	NaN	NaN	NaN	2016.899659	437
NaN	NaN	NaN	NaN	NaN	NaN	NaN	NaN	NaN	NaN	NaN	NaN	2016.917029	437
NaN	NaN	NaN	NaN	NaN	NaN	NaN	NaN	NaN	NaN	NaN	NaN	2016.917029	438
NaN	NaN	NaN	NaN	NaN	NaN	NaN	NaN	NaN	NaN	NaN	NaN	2016.989311	438
NaN	NaN	NaN	NaN	NaN	NaN	NaN	NaN	NaN	NaN	NaN	NaN	2016.989311	439
NaN	NaN	NaN	NaN	NaN	NaN	NaN	NaN	NaN	NaN	NaN	NaN	2016.989807	439
NaN	NaN	NaN	NaN	NaN	NaN	NaN	NaN	NaN	NaN	NaN	NaN	2016.989807	440
NaN	NaN	NaN	NaN	NaN	NaN	NaN	NaN	NaN	NaN	NaN	NaN	2017.041832	440
NaN	NaN	NaN	NaN	NaN	NaN	NaN	NaN	NaN	NaN	NaN	NaN	2017.041832	441
NaN	NaN	NaN	NaN	NaN	NaN	NaN	NaN	NaN	NaN	NaN	NaN	2017.047027	441
NaN	NaN	NaN	NaN	NaN	NaN	NaN	NaN	NaN	NaN	NaN	NaN	2017.047027	442
NaN	NaN	NaN	NaN	NaN	NaN	NaN	NaN	NaN	NaN	NaN	NaN	2017.110434	442
NaN	NaN	NaN	NaN	NaN	NaN	NaN	NaN	NaN	NaN	NaN	NaN	2017.110434	443
NaN	NaN	NaN	NaN	NaN	NaN	NaN	NaN	NaN	NaN	NaN	NaN	2017.147221	443
NaN	NaN	NaN	NaN	NaN	NaN	NaN	NaN	NaN	NaN	NaN	NaN	2017.147221	444
NaN	NaN	NaN	NaN	NaN	NaN	NaN	NaN	NaN	NaN	NaN	NaN	2017.164856	444
NaN	NaN	NaN	NaN	NaN	NaN	NaN	NaN	NaN	NaN	NaN	NaN	2017.164856	445
NaN	NaN	NaN	NaN	NaN	NaN	NaN	NaN	NaN	NaN	NaN	NaN	2017.228263	445
NaN	NaN	NaN	NaN	NaN	NaN	NaN	NaN	NaN	NaN	NaN	NaN	2017.228263	446
NaN	NaN	NaN	NaN	NaN	NaN	NaN	NaN	NaN	NaN	NaN	NaN	2017.257375	446
NaN	NaN	NaN	NaN	NaN	NaN	NaN	NaN	NaN	NaN	NaN	NaN	2017.257375	447
NaN	NaN	NaN	NaN	NaN	NaN	NaN	NaN	NaN	NaN	NaN	NaN	2017.265701	447
NaN	NaN	NaN	NaN	NaN	NaN	NaN	NaN	NaN	NaN	NaN	NaN	2017.265701	448
NaN	NaN	NaN	NaN	NaN	NaN	NaN	NaN	NaN	NaN	NaN	NaN	2017.275536	448
NaN	NaN	NaN	NaN	NaN	NaN	NaN	NaN	NaN	NaN	NaN	NaN	2017.275536	449
NaN	NaN	NaN	NaN	NaN	NaN	NaN	NaN	NaN	NaN	NaN	NaN	2017.329287	449
NaN	NaN	NaN	NaN	NaN	NaN	NaN	NaN	NaN	NaN	NaN	NaN	2017.329287	450
NaN	NaN	NaN	NaN	NaN	NaN	NaN	NaN	NaN	NaN	NaN	NaN	2017.333879	450
NaN	NaN	NaN	NaN	NaN	NaN	NaN	NaN	NaN	NaN	NaN	NaN	2017.333879	451
NaN	NaN	NaN	NaN	NaN	NaN	NaN	NaN	NaN	NaN	NaN	NaN	2017.406182	451
NaN	NaN	NaN	NaN	NaN	NaN	NaN	NaN	NaN	NaN	NaN	NaN	2017.406182	452
NaN	NaN	NaN	NaN	NaN	NaN	NaN	NaN	NaN	NaN	NaN	NaN	2017.494695	452
NaN	NaN	NaN	NaN	NaN	NaN	NaN	NaN	NaN	NaN	NaN	NaN	2017.494695	453
NaN	NaN	NaN	NaN	NaN	NaN	NaN	NaN	NaN	NaN	NaN	NaN	2017.509298	453
NaN	NaN	NaN	NaN	NaN	NaN	NaN	NaN	NaN	NaN	NaN	NaN	2017.509298	454
NaN	NaN	NaN	NaN	NaN	NaN	NaN	NaN	NaN	NaN	NaN	NaN	2017.549455	454
NaN	NaN	NaN	NaN	NaN	NaN	NaN	NaN	NaN	NaN	NaN	NaN	2017.549455	455
NaN	NaN	NaN	NaN	NaN	NaN	NaN	NaN	NaN	NaN	NaN	NaN	2017.601582	455
NaN	NaN	NaN	NaN	NaN	NaN	NaN	NaN	NaN	NaN	NaN	NaN	2017.601582	456
NaN	NaN	NaN	NaN	NaN	NaN	NaN	NaN	NaN	NaN	NaN	NaN	2017.706844	456
NaN	NaN	NaN	NaN	NaN	NaN	NaN	NaN	NaN	NaN	NaN	NaN	2017.706844	457
NaN	NaN	NaN	NaN	NaN	NaN	NaN	NaN	NaN	NaN	NaN	NaN	2017.727217	457
NaN	NaN	NaN	NaN	NaN	NaN	NaN	NaN	NaN	NaN	NaN	NaN	2017.727217	458
NaN	NaN	NaN	NaN	NaN	NaN	NaN	NaN	NaN	NaN	NaN	NaN	2017.863827	458
NaN	NaN	NaN	NaN	NaN	NaN	NaN	NaN	NaN	NaN	NaN	NaN	2017.863827	459
NaN	NaN	NaN	NaN	NaN	NaN	NaN	NaN	NaN	NaN	NaN	NaN	2017.920525	459
NaN	NaN	NaN	NaN	NaN	NaN	NaN	NaN	NaN	NaN	NaN	NaN	2017.920525	460
NaN	NaN	NaN	NaN	NaN	NaN	NaN	NaN	NaN	NaN	NaN	NaN	2018.026807	460
NaN	NaN	NaN	NaN	NaN	NaN	NaN	NaN	NaN	NaN	NaN	NaN	2018.026807	461
NaN	NaN	NaN	NaN	NaN	NaN	NaN	NaN	NaN	NaN	NaN	NaN	2018.028113	461
NaN	NaN	NaN	NaN	NaN	NaN	NaN	NaN	NaN	NaN	NaN	NaN	2018.028113	462
NaN	NaN	NaN	NaN	NaN	NaN	NaN	NaN	NaN	NaN	NaN	NaN	2018.239437	462
NaN	NaN	NaN	NaN	NaN	NaN	NaN	NaN	NaN	NaN	NaN	NaN	2018.239437	463
NaN	NaN	NaN	NaN	NaN	NaN	NaN	NaN	NaN	NaN	NaN	NaN	2018.259615	463
NaN	NaN	NaN	NaN	NaN	NaN	NaN	NaN	NaN	NaN	NaN	NaN	2018.259615	464
NaN	NaN	NaN	NaN	NaN	NaN	NaN	NaN	NaN	NaN	NaN	NaN	2018.29507	464
NaN	NaN	NaN	NaN	NaN	NaN	NaN	NaN	NaN	NaN	NaN	NaN	2018.29507	465
NaN	NaN	NaN	NaN	NaN	NaN	NaN	NaN	NaN	NaN	NaN	NaN	2018.30621	465
NaN	NaN	NaN	NaN	NaN	NaN	NaN	NaN	NaN	NaN	NaN	NaN	2018.30621	466
NaN	NaN	NaN	NaN	NaN	NaN	NaN	NaN	NaN	NaN	NaN	NaN	2018.450485	466
NaN	NaN	NaN	NaN	NaN	NaN	NaN	NaN	NaN	NaN	NaN	NaN	2018.450485	467
NaN	NaN	NaN	NaN	NaN	NaN	NaN	NaN	NaN	NaN	NaN	NaN	2018.458473	467
NaN	NaN	NaN	NaN	NaN	NaN	NaN	NaN	NaN	NaN	NaN	NaN	2018.458473	468
NaN	NaN	NaN	NaN	NaN	NaN	NaN	NaN	NaN	NaN	NaN	NaN	2018.552832	468
NaN	NaN	NaN	NaN	NaN	NaN	NaN	NaN	NaN	NaN	NaN	NaN	2018.552832	469
NaN	NaN	NaN	NaN	NaN	NaN	NaN	NaN	NaN	NaN	NaN	NaN	2018.627841	469
NaN	NaN	NaN	NaN	NaN	NaN	NaN	NaN	NaN	NaN	NaN	NaN	2018.627841	470
NaN	NaN	NaN	NaN	NaN	NaN	NaN	NaN	NaN	NaN	NaN	NaN	2018.683382	470
NaN	NaN	NaN	NaN	NaN	NaN	NaN	NaN	NaN	NaN	NaN	NaN	2018.683382	471
NaN	NaN	NaN	NaN	NaN	NaN	NaN	NaN	NaN	NaN	NaN	NaN	2018.78738	471
NaN	NaN	NaN	NaN	NaN	NaN	NaN	NaN	NaN	NaN	NaN	NaN	2018.78738	472
NaN	NaN	NaN	NaN	NaN	NaN	NaN	NaN	NaN	NaN	NaN	NaN	2018.869156	472
NaN	NaN	NaN	NaN	NaN	NaN	NaN	NaN	NaN	NaN	NaN	NaN	2018.869156	473
NaN	NaN	NaN	NaN	NaN	NaN	NaN	NaN	NaN	NaN	NaN	NaN	2018.898543	473
NaN	NaN	NaN	NaN	NaN	NaN	NaN	NaN	NaN	NaN	NaN	NaN	2018.898543	474
NaN	NaN	NaN	NaN	NaN	NaN	NaN	NaN	NaN	NaN	NaN	NaN	2018.975535	474
NaN	NaN	NaN	NaN	NaN	NaN	NaN	NaN	NaN	NaN	NaN	NaN	2018.975535	475
NaN	NaN	NaN	NaN	NaN	NaN	NaN	NaN	NaN	NaN	NaN	NaN	2019.013199	475
NaN	NaN	NaN	NaN	NaN	NaN	NaN	NaN	NaN	NaN	NaN	NaN	2019.013199	476
NaN	NaN	NaN	NaN	NaN	NaN	NaN	NaN	NaN	NaN	NaN	NaN	2019.067823	476
NaN	NaN	NaN	NaN	NaN	NaN	NaN	NaN	NaN	NaN	NaN	NaN	2019.067823	477
NaN	NaN	NaN	NaN	NaN	NaN	NaN	NaN	NaN	NaN	NaN	NaN	2019.212249	477
NaN	NaN	NaN	NaN	NaN	NaN	NaN	NaN	NaN	NaN	NaN	NaN	2019.212249	478
NaN	NaN	NaN	NaN	NaN	NaN	NaN	NaN	NaN	NaN	NaN	NaN	2019.215293	478
NaN	NaN	NaN	NaN	NaN	NaN	NaN	NaN	NaN	NaN	NaN	NaN	2019.215293	479
NaN	NaN	NaN	NaN	NaN	NaN	NaN	NaN	NaN	NaN	NaN	NaN	2019.302896	479
NaN	NaN	NaN	NaN	NaN	NaN	NaN	NaN	NaN	NaN	NaN	NaN	2019.302896	480
NaN	NaN	NaN	NaN	NaN	NaN	NaN	NaN	NaN	NaN	NaN	NaN	2019.456871	480
NaN	NaN	NaN	NaN	NaN	NaN	NaN	NaN	NaN	NaN	NaN	NaN	2019.456871	481
NaN	NaN	NaN	NaN	NaN	NaN	NaN	NaN	NaN	NaN	NaN	NaN	2019.459431	481
NaN	NaN	NaN	NaN	NaN	NaN	NaN	NaN	NaN	NaN	NaN	NaN	2019.459431	482
NaN	NaN	NaN	NaN	NaN	NaN	NaN	NaN	NaN	NaN	NaN	NaN	2019.46263	482
NaN	NaN	NaN	NaN	NaN	NaN	NaN	NaN	NaN	NaN	NaN	NaN	2019.46263	483
NaN	NaN	NaN	NaN	NaN	NaN	NaN	NaN	NaN	NaN	NaN	NaN	2019.472038	483
NaN	NaN	NaN	NaN	NaN	NaN	NaN	NaN	NaN	NaN	NaN	NaN	2019.472038	484
NaN	NaN	NaN	NaN	NaN	NaN	NaN	NaN	NaN	NaN	NaN	NaN	2019.513462	484
NaN	NaN	NaN	NaN	NaN	NaN	NaN	NaN	NaN	NaN	NaN	NaN	2019.513462	485
NaN	NaN	NaN	NaN	NaN	NaN	NaN	NaN	NaN	NaN	NaN	NaN	2019.525977	485
NaN	NaN	NaN	NaN	NaN	NaN	NaN	NaN	NaN	NaN	NaN	NaN	2019.525977	486
NaN	NaN	NaN	NaN	NaN	NaN	NaN	NaN	NaN	NaN	NaN	NaN	2019.598839	486
NaN	NaN	NaN	NaN	NaN	NaN	NaN	NaN	NaN	NaN	NaN	NaN	2019.598839	487
NaN	NaN	NaN	NaN	NaN	NaN	NaN	NaN	NaN	NaN	NaN	NaN	2019.662235	487
NaN	NaN	NaN	NaN	NaN	NaN	NaN	NaN	NaN	NaN	NaN	NaN	2019.662235	488
NaN	NaN	NaN	NaN	NaN	NaN	NaN	NaN	NaN	NaN	NaN	NaN	2019.719607	488
NaN	NaN	NaN	NaN	NaN	NaN	NaN	NaN	NaN	NaN	NaN	NaN	2019.719607	489
NaN	NaN	NaN	NaN	NaN	NaN	NaN	NaN	NaN	NaN	NaN	NaN	2019.727473	489
NaN	NaN	NaN	NaN	NaN	NaN	NaN	NaN	NaN	NaN	NaN	NaN	2019.727473	490
NaN	NaN	NaN	NaN	NaN	NaN	NaN	NaN	NaN	NaN	NaN	NaN	2019.732944	490
NaN	NaN	NaN	NaN	NaN	NaN	NaN	NaN	NaN	NaN	NaN	NaN	2019.732944	491
NaN	NaN	NaN	NaN	NaN	NaN	NaN	NaN	NaN	NaN	NaN	NaN	2019.878322	491
NaN	NaN	NaN	NaN	NaN	NaN	NaN	NaN	NaN	NaN	NaN	NaN	2019.878322	492
NaN	NaN	NaN	NaN	NaN	NaN	NaN	NaN	NaN	NaN	NaN	NaN	2019.899031	492
NaN	NaN	NaN	NaN	NaN	NaN	NaN	NaN	NaN	NaN	NaN	NaN	2019.899031	493
NaN	NaN	NaN	NaN	NaN	NaN	NaN	NaN	NaN	NaN	NaN	NaN	2019.977534	493
NaN	NaN	NaN	NaN	NaN	NaN	NaN	NaN	NaN	NaN	NaN	NaN	2019.977534	494
NaN	NaN	NaN	NaN	NaN	NaN	NaN	NaN	NaN	NaN	NaN	NaN	2020	494
