dmax_km	EF_All	Jack90_All_Low	Jack90_All_High	EF_Reservoir	Jack90_Re_Low	Jack90_Re_High	EF_Natural	Jack90_Na_Low	Jack90_Na_High	Null90_All_Low	Null90_All_High	Null90_Re_Low	Null90_Re_High	Null90_Na_Low	Null90_Na_High
20	0.601817260672276	0.46513862332696	0.748500367146192	0.349130119090498	0.230389140608976	0.455107724832534	0.937433996645477	0.633835916994111	1.32816734014737	0.498603696578281	1.97673837851173	0.349130119090498	2.79602811335384	0.357294539000349	2.68254439823067
25	0.853644563302066	0.69641050864848	1.01699479078507	0.522847664036261	0.353919340595159	0.660561045635519	1.24359036573333	0.958257935899402	1.61316906341423	0.532081114698196	1.73556620597414	0.380252846571826	2.59367849999281	0.397611098438504	2.16436941077066
30	0.92463173510425	0.782055146140192	1.07735994860557	0.655220236071108	0.474544896421495	0.816935188862271	1.1905938034443	0.959883679007081	1.48080699527848	0.566965979521407	1.64436710249566	0.425916340207601	2.31528036483829	0.451750510873165	1.92828085803895
35	1.01795559087321	0.889527062786967	1.16315094210988	0.796336540337432	0.629706191045857	1.00955883104395	1.20484583732368	1.0161542573494	1.43028783846386	0.611055077176291	1.55590333214845	0.452916407316914	2.07024525651387	0.521200664055031	1.77035670554875
40	1.31188441444555	1.16351749482774	1.48263560131548	1.0767142566579	0.877401366173702	1.32116102710672	1.5298150528207	1.32944089967251	1.80607083256589	0.653586886999463	1.46481408933169	0.529129143025278	1.83479372782163	0.564010360654234	1.64234185969203
45	1.30422253704266	1.16267115682936	1.46614128134387	1.01666200726866	0.845029546027253	1.22192868759292	1.5734151051252	1.35740834323813	1.84436671213117	0.676868742238889	1.42179067451266	0.548709407017842	1.73357386312874	0.603796083608384	1.61563636539737
50	1.21445471473547	1.09728327461935	1.34493452697102	1.03986239745965	0.88107087344168	1.20612928706892	1.36521241806814	1.19680863901026	1.56888657574458	0.710289736320195	1.36374519042224	0.591231500717113	1.60916108179683	0.635719684855583	1.51664497127698
55	1.29026882413615	1.17373215350383	1.41931207086822	0.97461985389373	0.832067496198855	1.11480978250103	1.65819241078988	1.46678041145872	1.90118507288093	0.734109082951407	1.33751147141132	0.634417707914581	1.50944772740206	0.657819379599372	1.49364737753083
60	1.24141519227997	1.13826722043681	1.35439407546291	1.05069947491472	0.908229590127067	1.19734533825762	1.44171320301222	1.2930687825041	1.62204114708208	0.758410971348322	1.31544077910853	0.663087277913086	1.47754613659883	0.679827336801132	1.4558859325934
65	1.15918628596872	1.06969834001868	1.25436411728748	1.04519167272557	0.922285524481099	1.17554188053402	1.28065295779585	1.15154840880802	1.43153325958446	0.772761754717834	1.28196769313789	0.687455303561617	1.42381997055337	0.69623828088377	1.42167286483173
70	1.16368347742555	1.07686771250606	1.25140654455773	1.07879210491658	0.950318783258885	1.19830514764694	1.25623782682147	1.13799209569574	1.39022476965219	0.779379717273014	1.25998161745442	0.711832642664924	1.37439710396213	0.694319440445208	1.39160163257983
75	1.15333782225664	1.07009102845878	1.23634225034413	1.12348619909216	1.00251398615035	1.24010155715597	1.18548149477485	1.07412129626761	1.3080099091738	0.786560629595766	1.24725633237602	0.723197882677627	1.34933546592968	0.708438944014088	1.37501366452286
80	1.08419310557883	1.00842040642242	1.1613602214821	1.00906197536119	0.903860215377378	1.11103111134199	1.17051057481688	1.06551837795785	1.2908476939037	0.799186599826572	1.24007973404528	0.73560316875537	1.32570503732275	0.729666818498302	1.38016712123393
85	1.10131574081128	1.02838803094444	1.17599697993734	1.00087033489649	0.903092780393771	1.09884270133793	1.22651381888281	1.12207290109321	1.3452835341326	0.804974831190036	1.21849283878456	0.747728560381178	1.2960973156419	0.733017201538737	1.343557805253
90	1.09287990961769	1.02661714253189	1.16089543188423	1.01079834503599	0.923118976926414	1.0983558639082	1.19789526190343	1.10027362590387	1.31191694005386	0.817645518192426	1.20435558098039	0.767791818600456	1.28109827819511	0.754823946974312	1.31662086092521
95	1.0734950927322	1.01145240294573	1.13741363678212	0.982264024175658	0.899171907584538	1.06433317614519	1.18978175364092	1.09647886464624	1.29682698329128	0.82962334158827	1.19892720154626	0.77863977090101	1.26963033267415	0.7653996539466	1.3093149756063
100	1.08233523589854	1.02179653435248	1.14562916461221	1.03906049130834	0.957119612981374	1.12399737897202	1.13524501687595	1.04857025872127	1.2347858117009	0.835968368457654	1.19026171454724	0.785942758909816	1.25364911364183	0.773097282399128	1.29718366617712
105	1.10414314525414	1.04450471788604	1.16593756299227	1.05863601988189	0.976932028180239	1.14380318986677	1.15644280440693	1.07326729805755	1.25125870745859	0.840343883496163	1.18289955309251	0.78851951544191	1.24829473307243	0.787072311738297	1.28140250476521
110	1.10614700782141	1.04951727235305	1.16518211059336	1.08980593608293	1.00792954411249	1.17495332477901	1.12220024718992	1.04709342451667	1.20675443670284	0.84648914993741	1.18052305346763	0.796634570146235	1.24561196231533	0.78820977440131	1.27123868446103
115	1.14633995043428	1.09020698614777	1.20635953388586	1.11138578202262	1.03173851286542	1.19727736171085	1.18385178028141	1.10745566697507	1.2712778619335	0.849666509945899	1.17253544756086	0.801020799028467	1.23708848942177	0.794496183449331	1.2548775813839
120	1.11870445309454	1.06540766239914	1.17532847251218	1.12358835126197	1.04526892911311	1.20467582731244	1.10954538489477	1.03940763162114	1.18771215031109	0.854161099640927	1.16705480944042	0.801112368148161	1.22283942736081	0.803780240345537	1.24613197366665
125	1.15021609276856	1.09848967554331	1.20538469317443	1.12221280678601	1.04900882637378	1.19925289853791	1.17689656446785	1.10779524818039	1.25567942725195	0.859640551767935	1.16538278114519	0.808505370627291	1.22004217683528	0.808577571001009	1.2391033656647
130	1.16901954837826	1.11758923306512	1.22516150733865	1.13160421099241	1.05815790713164	1.20929950710455	1.2037441834657	1.13121865281069	1.2866410676682	0.863875695327432	1.16404756130382	0.813783134960594	1.21841575827664	0.81593052657811	1.22700410411872
135	1.17388423386863	1.12522543784295	1.22676870723584	1.15027218306749	1.08058591995633	1.22260085132461	1.19232053172459	1.12353148374619	1.26908337740454	0.865792361128687	1.15305113164567	0.819393914574369	1.2096344618367	0.816899170749643	1.21120302310937
140	1.16787464632596	1.12088181804849	1.21673661390047	1.09635259024832	1.03417376017953	1.16019702343362	1.24766437712102	1.17843713501134	1.32519753939707	0.8740568298281	1.1532089247293	0.822692248139181	1.20215563799057	0.831064330839117	1.21558711108003
145	1.14475232682265	1.10138256683696	1.19052526959641	1.06172358713641	1.00292150576248	1.12159630354164	1.23924281177107	1.17500967962125	1.31058218163436	0.8777080666232	1.15025269649103	0.830383920205954	1.19834125811664	0.835672445048746	1.20913179294146
150	1.11776882543506	1.07617041380847	1.16097283151971	1.03054742073009	0.977006664987032	1.08722662425211	1.22188539939392	1.16068165380272	1.28981389712196	0.881955519994327	1.1463367731642	0.835704586072393	1.19146312528652	0.840166546927561	1.20724595054404
