# Median water storage curves
# Sample sizes
# N_Reservoir_Increase	310
# N_Reservoir_Notrend	352
# N_Reservoir_Decrease	259
# N_Natural_Increase	218
# N_Natural_Notrend	376
# N_Natural_Decrease	456
# N_All_Increase	528
# N_All_Decrease	715

Year	Reservoir_Increase	Reservoir_Decrease	Natural_Increase	Natural_Decrease	All_Increase	All_Decrease
1992.66666666667	NaN	NaN	NaN	NaN	NaN	NaN
1992.75	-0.811780128689002	0.142566664011308	-0.486003951511177	0.228620232738035	-0.626679915595705	0.199846090919361
1992.83333333333	-0.861691705886253	0.163594678987034	-0.463438419332538	0.236331556382552	-0.639228902449136	0.199572234826274
1992.91666666667	-0.836053192477496	0.217798963512295	-0.47299569512672	0.255768690558273	-0.658962480674644	0.243500623737532
1993	-0.843941676409103	0.28906520438109	-0.477518127494879	0.3733605143806	-0.62912480033787	0.327504491644481
1993.08333333333	-0.860474290640795	0.26683933416515	-0.508888983942008	0.422396211899672	-0.616791994040728	0.348409947092992
1993.16666666667	-0.914409425176603	0.234781400726301	-0.465501513182057	0.465509496169332	-0.68126258686374	0.343428515965848
1993.25	-0.914147063490027	0.267610511639885	-0.40372909157529	0.477530843937813	-0.723004579856467	0.365326684618475
1993.33333333333	-0.927591407344864	0.310544250940938	-0.412633899936864	0.451781527927896	-0.742703418366644	0.381023312880902
1993.41666666667	-0.909572700996233	0.332250405379271	-0.45741780182271	0.349938083188712	-0.696571373796885	0.34878844728603
1993.5	-0.883847157945656	0.339767667259765	-0.491850438518222	0.250393651791346	-0.691162501863403	0.28831564188622
1993.58333333333	-0.878029675330705	0.24719746224947	-0.487021666268854	0.270847102530899	-0.643622296339886	0.262573490836914
1993.66666666667	-0.860808860494105	0.272813234164687	-0.382860582282433	0.253918813291167	-0.60321995300311	0.268313106874456
1993.75	-0.855132904966804	0.220536944857879	-0.380697964264931	0.28651817751146	-0.564425422872809	0.258259496691632
1993.83333333333	-0.894607686489086	0.244019032817364	-0.383976392653452	0.313314864151539	-0.57692261935688	0.287847160785563
1993.91666666667	-0.861395950630863	0.227538473730952	-0.350356809396672	0.337228577471222	-0.561115622711984	0.31591301017382
1994	-0.852649035817568	0.243114150377379	-0.367947941499371	0.335099140389841	-0.583953294488291	0.307476952692561
1994.08333333333	-0.866990961198699	0.276167959008091	-0.364704256877541	0.338850611937143	-0.600579413032713	0.313899447686422
1994.16666666667	-0.921119462801668	0.304564113914123	-0.378818066344239	0.344024747784441	-0.601222164726022	0.331416606783292
1994.25	-0.918397645574916	0.314370574566981	-0.384174305199198	0.363541455973459	-0.648323668837581	0.349001292545475
1994.33333333333	-0.908081575056831	0.354163161942902	-0.392204607232621	0.345136786975327	-0.665986209526729	0.351171917910272
1994.41666666667	-0.904235736722355	0.364407877807991	-0.410124714309569	0.323139530051863	-0.647192108332375	0.336174474311602
1994.5	-0.891576372031887	0.331960052507373	-0.479318963594657	0.296556822375986	-0.661144454170374	0.30427972994763
1994.58333333333	-0.892242468692684	0.273247261663648	-0.495832700623232	0.261777036429698	-0.644969852264873	0.27142492745075
1994.66666666667	-0.878095794177668	0.2204296321765	-0.458008766362636	0.302270169963089	-0.654651382264015	0.2609083624461
1994.75	-0.875920338583919	0.142691367476343	-0.47387845627971	0.270225374786879	-0.660197202124691	0.239945258543844
1994.83333333333	-0.864783358651897	0.125724027521618	-0.469543628693058	0.280012827684787	-0.626381625926936	0.225975501170116
1994.91666666667	-0.868933435596813	0.168333622774007	-0.455920979085834	0.298663941218546	-0.626071986751145	0.257998564972862
1995	-0.856527184833341	0.216650690154909	-0.480020116120288	0.32973750246584	-0.630356679037081	0.283026670767455
1995.08333333333	-0.875925568710571	0.266287900263963	-0.470815185830483	0.343913037361847	-0.642509098964581	0.3106355796436
1995.16666666667	-0.879248416373676	0.289001261523553	-0.470070690774901	0.354374599657207	-0.651961211783023	0.335373163348008
1995.25	-0.904948454058385	0.3782382329128	-0.455645394315053	0.375769061051273	-0.642128742802185	0.375849235796915
1995.33333333333	-0.913284503418074	0.384050928706037	-0.471893454641077	0.361005070038524	-0.659543311843694	0.370990489469495
1995.41666666667	-0.907804276620789	0.38021883477382	-0.475377595268065	0.3274616906502	-0.68543621303087	0.345796121441429
1995.5	-0.887934339598835	0.348140540103631	-0.513269735288662	0.26741793351849	-0.663385531916689	0.284397761027711
1995.58333333333	-0.870959327459387	0.336324445263774	-0.502127963191876	0.260672587904425	-0.655654486457655	0.274756368303093
1995.66666666667	-0.86856011192195	0.2795125899646	-0.49721181842474	0.271012501024583	-0.644953871445553	0.27589782556513
1995.75	-0.828842515725471	0.286142310178273	-0.447356568228538	0.286069919073552	-0.641055314890538	0.286106114625913
1995.83333333333	-0.837890463453491	0.261101748228516	-0.428394334855285	0.297976486097429	-0.626540802482298	0.286263749640028
1995.91666666667	-0.827508717821139	0.255105403371953	-0.382590691755265	0.309007053272861	-0.633506803939102	0.288488862408906
1996	-0.833800099924204	0.25091007424126	-0.376142750896824	0.312718175584474	-0.645782878297498	0.29554157482392
1996.08333333333	-0.86619156914094	0.242379406291707	-0.398206518252738	0.306894990803743	-0.646446159079238	0.298043604975015
1996.16666666667	-0.883643483013608	0.276401533657591	-0.372998568686002	0.348323454006243	-0.635988258818964	0.324331174607583
1996.25	-0.863532979496765	0.259819861443811	-0.333616167169929	0.404731160550317	-0.626953860325717	0.348063879643644
1996.33333333333	-0.89420577794239	0.306350286582281	-0.322081480475567	0.39893983807918	-0.621993474697571	0.363987119996125
1996.41666666667	-0.887529440747829	0.293796445499188	-0.362053134568291	0.354675164346086	-0.624663098471628	0.345865665080069
1996.5	-0.8779741308054	0.273388035774182	-0.384801766939336	0.301644247830701	-0.618191232250099	0.286638510190206
1996.58333333333	-0.841840405986517	0.22488457665034	-0.399417912448346	0.271129857358428	-0.595501914348513	0.257101516028618
1996.66666666667	-0.792632169616687	0.21598536859248	-0.439990129413092	0.305726075894583	-0.609593878133167	0.271820570751248
1996.75	-0.791330684785025	0.214524508201418	-0.396894194799145	0.283640984083923	-0.601284432537003	0.261182606786818
1996.83333333333	-0.777004131220197	0.217736725680325	-0.417775806899785	0.275472231655252	-0.577206041227502	0.25161290322498
1996.91666666667	-0.753845017160736	0.249585683656485	-0.378479299304453	0.275765123990672	-0.567450067322943	0.262746437796169
1997	-0.727806691639773	0.281623046412584	-0.397694215697253	0.303002522812165	-0.573433293959208	0.29584476810779
1997.08333333333	-0.741809231406643	0.281530308540825	-0.42106886475854	0.310875182753128	-0.566616969704891	0.297375005775596
1997.16666666667	-0.806719092111542	0.302765883043193	-0.424507985509623	0.316515128421037	-0.586353000167367	0.310837628950209
1997.25	-0.794549992561747	0.314331108702129	-0.398331295551118	0.300458211975446	-0.574190940520355	0.305597095273412
1997.33333333333	-0.778314933801477	0.337398651985315	-0.388125001008664	0.28716321569785	-0.606536092223698	0.309194254786367
1997.41666666667	-0.791335265511206	0.340149191400129	-0.420102553201159	0.253445563125147	-0.607330939289976	0.286158576146127
1997.5	-0.754947051506251	0.260476004189437	-0.465880330847967	0.177462938404518	-0.610812927611702	0.206752343577076
1997.58333333333	-0.787701506031132	0.231090524313293	-0.48553187260632	0.133644327460013	-0.608571558646879	0.174326995139836
1997.66666666667	-0.785282014650147	0.242037246715272	-0.430020113726802	0.160715465129848	-0.617947718526741	0.18993872824789
1997.75	-0.78503715914615	0.224980732984819	-0.399223059758055	0.151687350983503	-0.554992046991482	0.167638455930544
1997.83333333333	-0.794525094292976	0.22151700456699	-0.372511543413766	0.180127287131928	-0.54818298463991	0.19385070974644
1997.91666666667	-0.761915589035168	0.229933129910323	-0.367015814470629	0.176372393205535	-0.550371519799409	0.194442979447722
1998	-0.747650614140548	0.236604041252833	-0.363970412173126	0.184191234309226	-0.549274969404015	0.207646347164439
1998.08333333333	-0.75138664314601	0.260989237318801	-0.351781144705158	0.176712133247888	-0.543780773674628	0.208040536839457
1998.16666666667	-0.730496413505249	0.298945364639645	-0.379342613398068	0.215364242634489	-0.538044787571159	0.236425553175052
1998.25	-0.752913738312336	0.324007190553952	-0.348293396061253	0.214626702235986	-0.54968242758464	0.248904006493139
1998.33333333333	-0.792804840753906	0.357344792325654	-0.348438714668164	0.227064600541795	-0.55402008726297	0.275107541077165
1998.41666666667	-0.800518421216479	0.385015589184795	-0.382881474998734	0.201813271726863	-0.569911384235842	0.2726353790479
1998.5	-0.782046059597866	0.306657298080374	-0.410115993342789	0.190110703986492	-0.568057835684384	0.214146169620822
1998.58333333333	-0.739894400828107	0.25939423018013	-0.381069546896242	0.198569051643639	-0.543501153868913	0.212923607331465
1998.66666666667	-0.735200029142847	0.2448613178403	-0.392745547510095	0.195709823541866	-0.526328276433441	0.213395014548728
1998.75	-0.702708348704076	0.209885207102772	-0.388031285725928	0.207784292342111	-0.520980938788921	0.209080604515544
1998.83333333333	-0.751300487679963	0.27691914795104	-0.364193982407941	0.204563892441064	-0.52238203252951	0.226458731312921
1998.91666666667	-0.737991980546203	0.267888635870112	-0.359417933391086	0.203595884268454	-0.501697904620898	0.212785660739255
1999	-0.713171429463532	0.180453037879229	-0.372659235548822	0.193871761300039	-0.499060166464596	0.189477334230191
1999.08333333333	-0.759470180884541	0.208260788531972	-0.360795757246893	0.201494719723967	-0.516034556459325	0.201971026870941
1999.16666666667	-0.720267184631024	0.215062150089705	-0.351200451572778	0.208129565486342	-0.53827467660915	0.209290340719927
1999.25	-0.76713985009517	0.182731048546161	-0.355337093347313	0.226572829311678	-0.542550036316792	0.210408703554719
1999.33333333333	-0.764488633935772	0.246720589189192	-0.355635377015857	0.227650798245959	-0.542627696181256	0.229252905043692
1999.41666666667	-0.733522553606826	0.237515540921959	-0.382997230475148	0.210432053142136	-0.546749147338507	0.216533931358235
1999.5	-0.745790642910731	0.217022561081709	-0.425391088737037	0.200698738205583	-0.566066620130126	0.204284865884246
1999.58333333333	-0.687407336100157	0.178900940402945	-0.412512419319122	0.182696162069559	-0.535544581626447	0.182381766893946
1999.66666666667	-0.647088927480065	0.117128724070435	-0.413597160596673	0.204453183516787	-0.505098826255556	0.173917242001696
1999.75	-0.649980828928996	0.0342783335895494	-0.384686578643728	0.165509364295434	-0.483604605325403	0.113577055384404
1999.83333333333	-0.650561677049002	0.0368986450650857	-0.391320262672725	0.192269205033722	-0.458177934177273	0.119155538403668
1999.91666666667	-0.618311184708892	0.0724551864311092	-0.366601051375495	0.177813331303165	-0.47864204190461	0.1405652674054
2000	-0.67049659472065	0.0861902485819026	-0.356249352481382	0.177190974873788	-0.519650174780166	0.153892528429846
2000.08333333333	-0.710235270200613	0.119560121685705	-0.364592102292741	0.168382364548642	-0.519732427659009	0.156605057891223
2000.16666666667	-0.711667011658908	0.155169002165982	-0.364223174128438	0.173692120242073	-0.508648140663108	0.16312430238726
2000.25	-0.777581757601624	0.160593280989415	-0.364647350345102	0.186689145133913	-0.541879250724627	0.18477338802948
2000.33333333333	-0.762010292507959	0.203914282630883	-0.36917367374653	0.192740190353737	-0.588195712415581	0.19422487644871
2000.41666666667	-0.787769011463552	0.183297408330491	-0.422422738694486	0.120405866105606	-0.58698676279298	0.144914394660672
2000.5	-0.746869815457507	0.160779983907594	-0.443370782469746	0.0533354057757664	-0.580893721978766	0.0831445422384213
2000.58333333333	-0.70796857842896	0.0715069926327838	-0.424930942919009	-0.00893626587471934	-0.540731230154262	0.0253200078224575
2000.66666666667	-0.704841038050592	0.0122484504667129	-0.410895467777548	0.0803329615614705	-0.541299484312791	0.0634451133022944
2000.75	-0.696208236670256	0.0558541911207634	-0.404774672941847	0.0747864696429388	-0.528897494113311	0.0683319453635929
2000.83333333333	-0.657878033749947	0.0680647725338621	-0.404977055945014	0.0676025832155522	-0.498945705819127	0.0676384800934305
2000.91666666667	-0.662629388333815	0.0843250161608133	-0.337959146148787	0.0727928299502185	-0.466273186852771	0.0754551049496313
2001	-0.670053243485759	0.122198881305391	-0.312718399384385	0.0763904600497368	-0.474665285965189	0.0910310961310867
2001.08333333333	-0.669766246820999	0.151868645898721	-0.348934346935259	0.0917025198925064	-0.508423073028593	0.120911497542507
2001.16666666667	-0.688644177773736	0.109447388945812	-0.320674942011058	0.117381881726823	-0.468541994438709	0.112698691654461
2001.25	-0.72518965423798	0.108230095858156	-0.316029143897915	0.100778753389286	-0.474390978387468	0.101594761872172
2001.33333333333	-0.740411398485108	0.169597257903529	-0.303566514243811	0.0805162671990111	-0.469516656116735	0.0939294559051521
2001.41666666667	-0.711211548323492	0.153582071142984	-0.315803256900413	0.0595798912424106	-0.495895555702362	0.0859649037403888
2001.5	-0.651481810020975	0.0461336544819497	-0.342888989149379	0.0131239918314078	-0.489261018081475	0.0245446841623481
2001.58333333333	-0.6299384741436	0.0655178245354727	-0.32930153837609	-0.0193239122983297	-0.452929997707809	0.0198511257215077
2001.66666666667	-0.613957951483224	0.0475473629719181	-0.338854192616824	0.035892128374626	-0.416487340717559	0.0399346696074828
2001.75	-0.651137414096586	0.0719972319705242	-0.326148259654757	0.0350074993760264	-0.412116566604956	0.0462576605629988
2001.83333333333	-0.61354509349499	0.0822118983806489	-0.31993616648295	0.0486905771003732	-0.408085207078047	0.0556078874144604
2001.91666666667	-0.613569229643035	0.0773530563692748	-0.319742832491345	0.0679840327213587	-0.417625605231688	0.0748437837230839
2002	-0.598870466802564	0.0452576844120491	-0.293418592694529	0.0968590412593748	-0.41295534539351	0.0914695588108332
2002.08333333333	-0.605475496163495	0.117449473623287	-0.28395967314513	0.0945033644734217	-0.446713065978697	0.110345196495237
2002.16666666667	-0.643501139644106	0.132181308654463	-0.302527411325951	0.104415303009828	-0.456655161171401	0.110177377651375
2002.25	-0.666547969558025	0.127795378522293	-0.278555945143842	0.128428917442058	-0.449049979942009	0.128118567290436
2002.33333333333	-0.66105961318958	0.12961259295876	-0.310250323865757	0.107096691560673	-0.441877819137238	0.117756329363995
2002.41666666667	-0.692614899528418	0.0942777941069444	-0.276606869508184	0.0995816029380121	-0.418551856795477	0.0990108965819966
2002.5	-0.646467778010531	0.12462790978029	-0.311882251354285	0.0310658513868383	-0.433927880329339	0.0655205366933484
2002.58333333333	-0.60580855021667	0.0996908834385513	-0.308592336952036	-0.0107293574049319	-0.415304421249248	0.0120117399899773
2002.66666666667	-0.52655050932233	0.0367016861940773	-0.296609076912621	0.0426968118702606	-0.394180445262364	0.0420985189211574
2002.75	-0.559628128190105	-0.00325071317676563	-0.286479966637032	0.0255640307349669	-0.400637205116852	0.0209417434158861
2002.83333333333	-0.590345464673401	-0.00265600437953112	-0.272589558567246	0.0244391617146336	-0.401352648860281	0.0192317208128357
2002.91666666667	-0.610641791617136	0.0380048112433904	-0.308426391892408	0.0534000946351519	-0.411466683447988	0.0466371550538743
2003	-0.626914332739103	0.0170809080902097	-0.311348323185206	0.0714494009219512	-0.415659100037298	0.0591469092858872
2003.08333333333	-0.635192849067484	0.0371379879484274	-0.316132152856091	0.0940256001161716	-0.429246847520109	0.0775953317181259
2003.16666666667	-0.674330637137765	0.0321719373115328	-0.325695123220615	0.0985558693664041	-0.445744500862542	0.0851306329962094
2003.25	-0.668454262771667	0.0563794365431221	-0.333717928973799	0.131674271520312	-0.426844126091738	0.0952256373556869
2003.33333333333	-0.662904472691479	0.0554359744524541	-0.304197389506034	0.10570620689234	-0.436264945490476	0.0894703445111064
2003.41666666667	-0.652428074226552	0.0714781530025613	-0.303349140502613	0.0835150440066091	-0.408706497412029	0.0756582026021993
2003.5	-0.605782194403246	0.0458334414175761	-0.332928981775212	0.0686438725969666	-0.404223924087469	0.0567631408952553
2003.58333333333	-0.575005032687602	0.0395137129956655	-0.303442956513081	0.0356252537826309	-0.403755354503308	0.037322275765676
2003.66666666667	-0.47723513185515	0.0336317084093114	-0.240678856097761	0.0921766488519474	-0.340427763650975	0.0722515830017295
2003.75	-0.497801753713632	-0.0255446716414975	-0.227856467123332	0.0643191218424868	-0.334305033380489	0.0286323303464232
2003.83333333333	-0.48149736689579	-0.0257602146336234	-0.22631182288347	0.0697560053269274	-0.344112781486922	0.0507747741073157
2003.91666666667	-0.476106084419214	-0.0423842759027972	-0.206860394255298	0.0891094515735621	-0.325906560045875	0.0515813839382346
2004	-0.448133780651714	0.0207537761415272	-0.193085073204037	0.146600894523303	-0.325639431175354	0.110719350413388
2004.08333333333	-0.46822465614911	0.0889544855763495	-0.196608578703508	0.164395094538032	-0.321231961564697	0.143572673372895
2004.16666666667	-0.543241029930352	0.110567301994295	-0.183181662859557	0.181456345146102	-0.335872338626362	0.168649016476083
2004.25	-0.534009909186831	0.132826937214896	-0.158513367010807	0.182273085519638	-0.374841417170479	0.171905854146904
2004.33333333333	-0.523504542463705	0.110216970360272	-0.152144695337756	0.165871847670372	-0.340114255562615	0.15415470063908
2004.41666666667	-0.497982709187565	0.119273534071628	-0.168943168457839	0.150048665789658	-0.32880273701601	0.142436911811799
2004.5	-0.471410905134478	0.151437994404625	-0.231932471197196	0.115712735798861	-0.345128679110461	0.122138866206923
2004.58333333333	-0.421534734922805	0.105250162925557	-0.264018634887522	0.0191284626116111	-0.340435573261439	0.0426755772577151
2004.66666666667	-0.355898126829269	0.066853399516229	-0.204247712776845	0.0540969698863244	-0.290129140767816	0.0572330893784692
2004.75	-0.32913739498195	0.0552033584575332	-0.187616990788603	0.0424668508810349	-0.271998955264361	0.0492085599588171
2004.83333333333	-0.324185313625076	0.101820174237405	-0.168527517709628	0.0515218607675964	-0.25621138221747	0.0700727152349663
2004.91666666667	-0.320037259850141	0.116794999109638	-0.108860832725036	0.0777404626833628	-0.248762434220073	0.0853805345561398
2005	-0.303960640823885	0.088929126040659	-0.126229599237559	0.106143334278709	-0.207624979940189	0.0972599902128689
2005.08333333333	-0.327655053475737	0.0692396122667343	-0.095903759758279	0.105035951058264	-0.215024979912337	0.0920345104977051
2005.16666666667	-0.3623939979139	0.0474992753304977	-0.095928324783456	0.124481458559022	-0.232666850410438	0.100304414450236
2005.25	-0.413866181934561	0.131307853825202	-0.0875442465539317	0.10735390717674	-0.234431925144241	0.110578417587405
2005.33333333333	-0.430837502000634	0.152039623892061	-0.0833089804659198	0.0883501676273886	-0.199282491792205	0.0968467259725418
2005.41666666667	-0.470325422974469	0.182696297577618	-0.0721323480595322	0.0443053854436645	-0.202036888360356	0.0646091722507453
2005.5	-0.388881449857864	0.123321244795737	-0.084455171225359	0.0132657466800752	-0.216779615967578	0.0402514842531578
2005.58333333333	-0.315813685802773	0.117546600126642	-0.0320215857566413	0.0248907612335135	-0.155841775074557	0.0517072856195775
2005.66666666667	-0.281645844937243	0.0944318499759686	-0.0332466465140392	0.011425061416459	-0.161695057462564	0.035930751445417
2005.75	-0.253856302131358	0.0535375269843374	-0.00819543380931847	0.0259840730961821	-0.119701325400359	0.0332031944330827
2005.83333333333	-0.236090754502742	0.0434825739857249	-0.0328286954737257	0.0400533580962782	-0.145999906319664	0.0411692964824471
2005.91666666667	-0.242200084083016	0.0466736098393192	-0.0534292428769392	0.0636493357253071	-0.130555128309787	0.0493965589417572
2006	-0.248442082247529	0.0366579932369036	-0.0748637058055197	0.0571361103282149	-0.153452156551313	0.0532448246770502
2006.08333333333	-0.314582160188562	0.0408834843795616	-0.0580436461285294	0.0594914410013334	-0.177702985144421	0.0475563098316347
2006.16666666667	-0.402520886726207	0.0503071176855566	-0.0358493274786188	0.0618586084396619	-0.235779414919471	0.0617195357521148
2006.25	-0.419257987796507	0.0917216305801018	-0.0371250219087989	0.0467913730037213	-0.233706231219701	0.0607056846051774
2006.33333333333	-0.440251099761487	0.0997564894340978	-0.0411590530418825	0.0278774959999117	-0.236901267395699	0.0542353090020559
2006.41666666667	-0.422213831589537	0.13593657404801	-0.0502856277489331	0.0129405918679162	-0.177007692874224	0.0365398414474728
2006.5	-0.326714070058289	0.0966100917042236	-0.0902648217222647	-0.0662308933700555	-0.187117587837485	-0.0275513749083724
2006.58333333333	-0.227355357469177	0.0642119650270069	-0.0751874185959391	-0.0840708777375443	-0.150852898243261	-0.0505469682951468
2006.66666666667	-0.204977866352669	0.0401557422608614	-0.0604621585706024	-0.0458549559575104	-0.119779226644295	-0.0252360252763711
2006.75	-0.156672956909425	0.0148281398050642	-0.000561373945105097	-0.00800842211397496	-0.0989493611754178	-0.00658998143121335
2006.83333333333	-0.160168061095609	0.0582800104958011	-0.0247241961767764	0.0264328352976378	-0.10033775611019	0.039140853187067
2006.91666666667	-0.141634347459583	0.074980381317337	-0.0198143822599617	0.0607370280854191	-0.0826903194357607	0.0634426968697309
2007	-0.0963641798106648	0.114431827580802	-0.034139481842572	0.0689254841055112	-0.0575681518756182	0.0828288431404477
2007.08333333333	-0.140765756913251	0.101197189696647	-0.0229308059447645	0.0647563780601474	-0.0727113437493986	0.0748067413742836
2007.16666666667	-0.233143301198983	0.105438837566398	-0.00616725443927051	0.0771443821577911	-0.101319524736874	0.0848179397438817
2007.25	-0.272001698568524	0.0973732728998429	-0.00668446512227254	0.0668071199153815	-0.117049434622831	0.078901795960899
2007.33333333333	-0.258938951494154	0.109286778016905	-0.0278932614739888	0.0665853300827661	-0.110069836204471	0.0734503153202294
2007.41666666667	-0.261846531263382	0.107088856023801	-0.0147546974420329	0.0227029764387587	-0.123047287065242	0.0357560451611209
2007.5	-0.208556992765052	0.0808881125016717	-0.0617666307738782	-0.0423677782689604	-0.1273260998859	0.00352655041484038
2007.58333333333	-0.157336488017083	0.0561358981657774	-0.0213122094454803	-0.0722845558827689	-0.0752150243296941	-0.0430232521805809
2007.66666666667	-0.122734465929997	0.0422905981695101	0.0207297696709771	-0.0626850107012628	-0.0444437762210894	-0.0369424683777532
2007.75	-0.0695299195443087	0.00867756494955216	0.0826773418477594	-0.0572128785582643	-0.00896305997430087	-0.0436153939335166
2007.83333333333	-0.0864369210318853	-0.0336846925784693	0.049816877464678	-0.0203960007792644	-0.00654482238889372	-0.0211143104317345
2007.91666666667	-0.0724389088383147	-0.0606434901658525	0.0418640250876553	-0.0137181780184583	-0.0281976217681264	-0.0349401563285512
2008	-0.106607555191881	-0.0612271698310757	0.0132729823943759	0.00793585149190726	-0.0350502164279814	-0.00536147161215728
2008.08333333333	-0.173872104284974	-0.0287278741372076	0.00249013971598088	0.0283907815410425	-0.0722574716328384	-0.00760628131273053
2008.16666666667	-0.202265115516876	0.0328381113212297	0.0132168064937637	0.0289502486744048	-0.100717948231192	0.0300903237748789
2008.25	-0.262790279943108	0.0613221063862151	-0.0012988114219558	0.0166720805520054	-0.0844389897253711	0.0373383975587993
2008.33333333333	-0.290155851880352	0.0820946050453189	0.0294995520498952	0.00496706109591439	-0.115369988393989	0.0228707047860055
2008.41666666667	-0.297570897021071	0.0386481770691246	0.0288551166943436	-0.0259201689307006	-0.0824010339898858	0.00608323785158567
2008.5	-0.176462170150154	0.0407196224155403	-0.0403592884367523	-0.0639208558327095	-0.105343087970025	-0.0385071107816387
2008.58333333333	-0.0544881799331645	0.0174279020558348	-0.0177027465061283	-0.108173491833382	-0.0379883672555595	-0.0689328530003603
2008.66666666667	-0.0314794797469801	0.029733658499199	0.058358754398168	-0.0676653928593904	0.0316248402621561	-0.013770658395789
2008.75	0.058245697584067	0.0338795188069791	0.0702990096877184	-0.0384288273101948	0.0689077415999585	-0.00345701238386876
2008.83333333333	0.0813840406357156	0.0173450298381593	0.0570579354045504	-0.0336399017114199	0.069664630409093	-0.00972131230527365
2008.91666666667	0.0575673297993514	0.0386193076054251	0.079622542672642	-0.0196904488612724	0.076286000713149	-0.00279261561903819
2009	0.020712512245196	0.0206774510722301	0.073250982291138	-0.00600104323824677	0.036973718549251	0.000980702659148361
2009.08333333333	-0.0520002227074354	0.00924498287630124	0.0788853599270618	0.0171571602375629	0.0275358840624215	0.0163811403131005
2009.16666666667	-0.112746345485945	0.0365362164461332	0.0371837705925287	0.00964324046677257	-0.0236325796762358	0.0138947866795642
2009.25	-0.107076095942261	0.0276347479061406	0.0667438732387341	0.0110601122013607	-0.00871402079574896	0.0123981652857572
2009.33333333333	-0.161958184489	-0.00428397622100902	0.0820704555824537	0.0173841591896908	-0.0322689947630481	0.0168511315912457
2009.41666666667	-0.124511477793092	0.0269139505058546	0.0897078906088418	-0.0217238803430301	-0.0121428830593439	-0.0022138437517465
2009.5	-0.102377957054485	0.0530012569038789	0.0387211282784446	-0.0958519700239525	-0.00605582992622207	-0.0464561400455225
2009.58333333333	-0.0186146338801293	0.0353332653320811	0.0213802696289275	-0.10245577036468	0.00515990023855238	-0.0654964322879226
2009.66666666667	0.0420541410711844	0.0111306593991501	0.0648304563340775	-0.0895494639621854	0.0505410601258601	-0.0566203893574882
2009.75	0.0788814365262362	0.0353352431697861	0.0186895654242916	-0.124675122433339	0.0493954960550534	-0.0644818999884804
2009.83333333333	0.0938347227671249	0.0556101381996114	0.00863501675597079	-0.0992210127249982	0.0507293215507665	-0.0547420714140565
2009.91666666667	0.06184501262405	0.0154097680249184	0.0274349139149778	-0.0804823620687306	0.0379872801309885	-0.0552105902515551
2010	0.0527231078664808	0.0582158511791404	0.0445918493005873	-0.0749196045560242	0.0494884506276658	-0.0203584315041119
2010.08333333333	0.0174048245954369	0.0390204818153432	0.0351144091081185	-0.0438593880243075	0.0293551414307491	-0.0171136903792575
2010.16666666667	-0.0621143720422173	0.012951221956253	0.0352492353478652	-0.0380334480026019	0.0164337495430402	-0.0179524877021802
2010.25	-0.0700119724429692	0.0114207335946212	0.067542565651349	-0.0356534193709797	0.00478644156676667	-0.0244186864627243
2010.33333333333	-0.0768833307914018	0.0761129291406598	0.0777531851735284	-0.0484128210719999	0.00303440382283128	-0.0147054889144919
2010.41666666667	-0.121721570498488	0.0554049307905559	0.062176220784596	-0.0916640466582371	-0.00746065595174899	-0.0590807896143488
2010.5	-0.0173718310394507	0.0232927385503833	0.0456733596989934	-0.123155159427059	0.00941787512723473	-0.0895022933479323
2010.58333333333	0.0530576685579643	-0.00876920617769161	0.0589768286164916	-0.165748441328135	0.0560934557722125	-0.111988278015467
2010.66666666667	0.104208081361882	0.00156243730594102	0.135473646303493	-0.155889549926223	0.123071568301212	-0.0985960105777162
2010.75	0.154419933616935	-0.0543686326752288	0.14035881124069	-0.114819435372669	0.143718718341757	-0.0879915417675689
2010.83333333333	0.170946711121095	-0.0869125457635108	0.115147465943072	-0.109436412624111	0.148079305359795	-0.10410526793349
2010.91666666667	0.170747695432276	-0.0219087356320933	0.126543124037558	-0.091383745824517	0.15081410654655	-0.0721862474462108
2011	0.156733219724631	-0.0142377580380691	0.123520165834242	-0.0725120214349477	0.141580801037653	-0.0486190720999763
2011.08333333333	0.099778658397038	-0.0185811054966076	0.140513157181239	-0.0819746381729503	0.126531169141724	-0.0625200476330951
2011.16666666667	0.0194069629522086	0.0115906539076978	0.139507316566899	-0.055463051491864	0.0822949457206338	-0.0307027009665713
2011.25	-0.00862489859146185	0.0138247220437873	0.165591990243991	-0.0626455644778219	0.0832665368289835	-0.0393210407679074
2011.33333333333	0.0307269412482579	0.046572951826174	0.201914327883226	-0.0936840571214771	0.106720649679816	-0.0335804794756747
2011.41666666667	0.0599918268029386	0.0631792249726381	0.161537608875104	-0.123249544023526	0.121181384523903	-0.081912947968023
2011.5	0.102928648928623	-0.000263060866865565	0.122610215057084	-0.177221583758674	0.115969093440539	-0.125541611598176
2011.58333333333	0.179631522378914	-0.00982538380190158	0.131009874699133	-0.19839021554798	0.150030560815793	-0.149711211108884
2011.66666666667	0.198573561056202	-0.0479959467055628	0.201770557227096	-0.179355952156939	0.198573561056202	-0.144872260083812
2011.75	0.209766039234554	-0.0335625423613757	0.192873267843797	-0.172230861427516	0.199945307954003	-0.140671845470809
2011.83333333333	0.206963386622518	-0.0329425449008891	0.1573875279498	-0.161649216959609	0.174238777428364	-0.13747295718057
2011.91666666667	0.173956439414605	-0.0376588950586618	0.150447889552921	-0.15669299636524	0.165289941091034	-0.125061991844949
2012	0.17760426036829	-0.027534278707314	0.133760479412329	-0.166012122164293	0.148424330652655	-0.130523697558381
2012.08333333333	0.0697578040825381	-0.0400057614414017	0.108552491934709	-0.147696926446762	0.0928414536383213	-0.126348743353923
2012.16666666667	0.024648431823675	-0.0966890401040504	0.126545919456129	-0.157266275335906	0.0605741527820558	-0.145270726561831
2012.25	-0.0200340947912982	-0.097974410517474	0.0966852311452765	-0.16002619197779	0.043987709500536	-0.143856428320928
2012.33333333333	-0.00883961468311607	-0.0437543487284361	0.111367346929764	-0.202875192331208	0.075447680579452	-0.146744868035387
2012.41666666667	0.0310468861226965	-0.0310835102212389	0.122507247780683	-0.241276707640031	0.0869619499694765	-0.185126711438209
2012.5	0.0398453982368939	-0.108840969949763	0.112410918845433	-0.298701659951035	0.0777796202886983	-0.248189375444675
2012.58333333333	0.126650986091931	-0.156451512885906	0.142093580136503	-0.30907615350917	0.130211238488312	-0.25981015043076
2012.66666666667	0.168702562231987	-0.196689960773806	0.171506567347769	-0.306402714540044	0.170931389731284	-0.255942188988733
2012.75	0.224706304531998	-0.237716282076074	0.175976857752836	-0.31212793813649	0.201188004312256	-0.286881280616014
2012.83333333333	0.25838049289201	-0.250866871212671	0.141110151922513	-0.307162984821614	0.191965997966961	-0.291144285541175
2012.91666666667	0.216306274586529	-0.248702642461904	0.169413056942861	-0.300353774369271	0.197702622650349	-0.274848771683243
2013	0.20458277635053	-0.228943374338963	0.178319361969717	-0.279114906035196	0.195154015761688	-0.250398822213752
2013.08333333333	0.177180121359613	-0.160928960630408	0.191500864500856	-0.22949110721571	0.178867000183531	-0.222533194182139
2013.16666666667	0.0971033702951209	-0.12982795031728	0.192925123389025	-0.246917509777628	0.153661671777352	-0.194032007507693
2013.25	0.0605218815693308	-0.104494433349951	0.215629466237062	-0.218220722096859	0.122405885031245	-0.197354542573883
2013.33333333333	-0.00247215917185785	-0.144856383961305	0.217477296786408	-0.248543528638776	0.114281073335323	-0.210580131786631
2013.41666666667	0.0560869619180252	-0.168005533134506	0.175479123484262	-0.280722121738325	0.124274876020411	-0.261514801999419
2013.5	0.0850947145706254	-0.188436967184972	0.177918005309151	-0.328624171453666	0.14172815646394	-0.3054709586508
2013.58333333333	0.201643000126127	-0.221917940824458	0.213916144936377	-0.364369650827508	0.203537788059992	-0.313639983242807
2013.66666666667	0.327766512875214	-0.208362008337047	0.249240619910699	-0.28891674391709	0.27795125763333	-0.275512708144349
2013.75	0.350627926050648	-0.240048652112945	0.254075602974373	-0.294908048780673	0.307430306918901	-0.284406413143382
2013.83333333333	0.308617324793979	-0.240447279995942	0.281217632236978	-0.287411101811077	0.296298874208665	-0.27579394547628
2013.91666666667	0.320918458936335	-0.198820053513154	0.297967449085651	-0.256568499633693	0.302799858631541	-0.244451190106183
2014	0.330673891303587	-0.209602675164747	0.287944047637583	-0.217528855337966	0.302547868331694	-0.213820201415189
2014.08333333333	0.245316246351963	-0.200757210299232	0.258492487445883	-0.206580978112679	0.251981933586666	-0.205141022894387
2014.16666666667	0.151410767561636	-0.194547761924432	0.251331141415365	-0.19612692053809	0.207125626541179	-0.19576847296418
2014.25	0.119107606078691	-0.223541546766897	0.265813467921653	-0.196657726017737	0.184067627882054	-0.209242623293086
2014.33333333333	0.0233238358622007	-0.283176799539114	0.275899019619891	-0.20367292344594	0.164923481003369	-0.210008229079222
2014.41666666667	0.0704110932210217	-0.276975670395498	0.284632838512563	-0.254149556217899	0.173760624339803	-0.26040815462253
2014.5	0.110743881592794	-0.313248572575382	0.274537742806753	-0.281570928986765	0.173399535481796	-0.298859831889733
2014.58333333333	0.225291214839226	-0.341746697384942	0.314841390112893	-0.304303755233993	0.261080851160671	-0.323896664375121
2014.66666666667	0.314727782664463	-0.358724363332626	0.32558876204051	-0.291129104489653	0.321672583281885	-0.31439360934854
2014.75	0.357146428820994	-0.371043226907973	0.324220970631977	-0.271078583513323	0.346041413670802	-0.305664826036682
2014.83333333333	0.371767390081167	-0.377625498266441	0.286597516111546	-0.257154343521319	0.332531437453704	-0.291199535064891
2014.91666666667	0.334902974894716	-0.340271543762593	0.269575989166185	-0.24360461996861	0.304453593479182	-0.285321881720237
2015	0.295406791475476	-0.302333946271223	0.268549867037616	-0.216162695016384	0.273699124122523	-0.236456901671387
2015.08333333333	0.227843758312108	-0.291440182380889	0.247296927699728	-0.224526338731727	0.241211947953512	-0.244401963022264
2015.16666666667	0.156306449351174	-0.253232969679234	0.279175279640414	-0.201446394778801	0.23632885665648	-0.220697134247119
2015.25	0.167352186725665	-0.271980725407737	0.265562794553489	-0.211418458227964	0.206811056861609	-0.224165706766995
2015.33333333333	0.132348055817258	-0.236593773499412	0.299939639831444	-0.219268210828332	0.191189312386135	-0.220226871391115
2015.41666666667	0.120900181219097	-0.204732393157049	0.24654891437094	-0.260138289581231	0.175283438228577	-0.252047919363586
2015.5	0.125201350081971	-0.243815747972212	0.229030790103701	-0.328426239386066	0.171000794472217	-0.30102285283507
2015.58333333333	0.281037067602182	-0.270926494110462	0.185820353327456	-0.320793575028209	0.246460422384301	-0.302562332849899
2015.66666666667	0.357670545701891	-0.286975715178079	0.208854945476439	-0.306025057744417	0.278538831224268	-0.305637800285973
2015.75	0.310341050540442	-0.341548715146787	0.20750802805588	-0.294589215647845	0.272048578304436	-0.305969977848651
2015.83333333333	0.33625218754412	-0.30185394135284	0.215976493067731	-0.291113815014007	0.287108479971975	-0.291797499972264
2015.91666666667	0.341027651026706	-0.229653425385841	0.203953515318243	-0.28278010557821	0.278701592726835	-0.271926418160692
2016	0.311927483580836	-0.21209826321744	0.219242015783695	-0.291083915177545	0.270284777516322	-0.256738629445414
2016.08333333333	0.264789772235587	-0.153495744931274	0.243313991606485	-0.276812953145648	0.251710106352486	-0.246947461450634
2016.16666666667	0.150264345793917	-0.142452968613837	0.255433731166418	-0.264622237263016	0.209566865085337	-0.215573275111826
2016.25	0.137951592477674	-0.163084478245737	0.259830824344193	-0.233569073619681	0.203329678725698	-0.211414256392938
2016.33333333333	0.109138471026001	-0.163551524982417	0.24866588872507	-0.251299797135741	0.199602010206487	-0.211951063859049
2016.41666666667	0.107588680611748	-0.109174207974811	0.250557920137165	-0.320566537725059	0.175888976189352	-0.263134239209716
2016.5	0.141934679938565	-0.183828266669113	0.268513879466211	-0.333186653122251	0.198879021261371	-0.30526232572817
2016.58333333333	0.23032969085396	-0.260395040272327	0.265506816800011	-0.354434137629313	0.248494988019345	-0.325056758575496
2016.66666666667	0.36931231133079	-0.268500402808149	0.336284901716986	-0.347482588295113	0.34614564323648	-0.313483222325648
2016.75	0.383719552770815	-0.288919614988298	0.349938177953312	-0.365939759820709	0.362048589994422	-0.336107129469492
2016.83333333333	0.387700986812972	-0.281548032468306	0.357906023946955	-0.322838372735313	0.373520804782294	-0.316583234707901
2016.91666666667	0.397463881407917	-0.243457622935559	0.333354471531214	-0.311161301249897	0.363383010753115	-0.294035436198918
2017	0.385295713077351	-0.207010669654342	0.350765812373949	-0.259646432795291	0.369321615183696	-0.231131471543085
2017.08333333333	0.291564880258946	-0.191430301853636	0.374540664927437	-0.219517300390173	0.341347382821075	-0.21070327577456
2017.16666666667	0.226461018895564	-0.204270254957584	0.387746778652103	-0.23019406619624	0.295488534255211	-0.225013621499018
2017.25	0.167105167290978	-0.175725125535329	0.369255623476138	-0.222672328251558	0.245364156783942	-0.210955975043122
2017.33333333333	0.158898961822071	-0.180314669354137	0.377790371058335	-0.238656266821869	0.24714565898704	-0.223793053037546
2017.41666666667	0.146337054795323	-0.15303410401282	0.402590198679953	-0.275308832888786	0.2528820416649	-0.250263245587463
2017.5	0.217097414149415	-0.151396097236141	0.368982180571668	-0.31662644655219	0.273216474185367	-0.280056651481665
2017.58333333333	0.276560881568037	-0.186748753178668	0.374791178394108	-0.348717468436891	0.340364275710889	-0.308953782198007
2017.66666666667	0.389034858802234	-0.170345390010367	0.379792425987927	-0.333954290371966	0.383340158064881	-0.283416725602726
2017.75	0.407507174622572	-0.172665201278598	0.36323030551755	-0.321878636814356	0.374930717912164	-0.29444173368128
2017.83333333333	0.437064010010839	-0.188737947218739	0.37220244461814	-0.318457913006312	0.384346355162326	-0.283212042199642
2017.91666666667	0.378941993299339	-0.227401158975771	0.35949193718272	-0.290061530773064	0.368515451967439	-0.261829453926438
2018	0.351197022626253	-0.217362015174955	0.358224159677845	-0.272906385374113	0.354626827064066	-0.257651477020805
2018.08333333333	0.233703119511816	-0.146424550395882	0.355563493305059	-0.262255899311633	0.295014296057761	-0.224163760821667
2018.16666666667	0.166679305532156	-0.0932367823465627	0.362966449602335	-0.247498702566261	0.266231610156078	-0.212150871151102
2018.25	0.103594738627658	-0.188689358544782	0.376502618730854	-0.256584316578982	0.221819250631339	-0.230586955724037
2018.33333333333	0.0752441488117816	-0.177822449145084	0.376606621256209	-0.271456145722084	0.217406490733526	-0.23809949015631
2018.41666666667	0.114506651493389	-0.187600609277196	0.355757220377044	-0.296740209751635	0.237952901557768	-0.243706461464299
2018.5	0.172618939463017	-0.208718680941761	0.338149408433381	-0.34989309745626	0.263596211876689	-0.306951656843884
2018.58333333333	0.276531491668966	-0.230250043214836	0.423343704534857	-0.392789957876066	0.352665932837582	-0.357328827778087
2018.66666666667	0.35572799685248	-0.200986259509841	0.491117358461839	-0.371104987048275	0.426322552145726	-0.342500193985025
2018.75	0.420510694865645	-0.202974617354341	0.501998422469563	-0.374143264282882	0.448839230987482	-0.318508571441377
2018.83333333333	0.467604287461681	-0.192273908184077	0.501201808075947	-0.353564720030076	0.481613942817462	-0.311422712023758
2018.91666666667	0.463962383584829	-0.183361961589495	0.480955787323228	-0.310529951399468	0.47108319294155	-0.275679635328428
2019	0.419009819483313	-0.137373477897003	0.481040252873824	-0.265211512681145	0.438784397416612	-0.239812263314079
2019.08333333333	0.410608151199662	-0.192296062090915	0.474204942006099	-0.238333581162704	0.428792143562489	-0.221351694403733
2019.16666666667	0.324569311879156	-0.229598806284976	0.479955430350844	-0.234483411746922	0.39900957878385	-0.233574761698357
2019.25	0.248107738611746	-0.207754443650852	0.478140270680359	-0.210593903956029	0.325581513071206	-0.207754443650852
2019.33333333333	0.242109016671616	-0.187216681632719	0.472392041143464	-0.227162807290999	0.333240083281963	-0.215685360739465
2019.41666666667	0.21586249636941	-0.149143220993163	0.482670205788436	-0.254529168412813	0.363264626145156	-0.226538677143066
2019.5	0.272679044048443	-0.156884160440037	0.453988088508937	-0.312182556598091	0.373268335721604	-0.258675861923571
2019.58333333333	0.336687554912028	-0.212288709875147	0.474243035971072	-0.325576865137669	0.397791967552469	-0.288574631063639
2019.66666666667	0.425940854345726	-0.253394310168204	0.497127325194286	-0.29313160085557	0.464955429326814	-0.281867211768706
2019.75	0.479450599181771	-0.291285582040707	0.501884305780943	-0.318370955472714	0.484515393631451	-0.313405259023475
2019.83333333333	0.470255217964451	-0.251824624642947	0.507320010987652	-0.272838342360123	0.49007403497571	-0.266233774616916
2019.91666666667	0.454127243799638	-0.230437480283426	0.500414902714998	-0.263000324193948	0.479851726328814	-0.253369304558967
2020	0.483982898455131	-0.199067065574926	0.497979946208093	-0.22097515225515	0.491881684355366	-0.216883319156171
2020.08333333333	0.396180071060442	-0.228417917909597	0.527314990003069	-0.218936546455177	0.447850863671868	-0.219999338330629
2020.16666666667	0.303447152778541	-0.176912790409726	0.55774493438848	-0.233794619711332	0.416338924952165	-0.205605740903681
2020.25	0.258889952963786	-0.200503913651138	0.557520226954364	-0.24075476090725	0.39203637328961	-0.224706472796575
2020.33333333333	0.240741503623804	-0.212022212918359	0.582722458455832	-0.247678169296385	0.394812042624159	-0.24077837071063
2020.41666666667	0.256814104007044	-0.205453682350279	0.599991448041212	-0.297340950228797	0.41142581888245	-0.266613381657914
2020.5	0.264585916757881	-0.187167925923877	0.610290673873529	-0.366558046161357	0.424047789775709	-0.31016420972417
2020.58333333333	0.347592723930205	-0.218488315990795	0.585796699724105	-0.438890397228702	0.429431811141505	-0.315625857765473
2020.66666666667	0.401994838859692	-0.237107529125556	0.671095843310732	-0.285564000001398	0.485863752040381	-0.262513192059648
