tDec	storage
1992.74863387978	0
1992.83333333333	0.32092431718307
1993.24657534247	-0.0567806762977848
1993.32876712329	0.253549417369126
1993.41369863014	0.475519390900666
1993.49589041096	0.371316568707102
1993.58082191781	0.253549417369129
1993.74794520548	0.126622248724542
1993.83287671233	0.0673245236512781
1994.16164383562	0.0805254240827093
1994.24657534247	0.127953879931003
1994.32876712329	0.167065985365229
1994.49589041096	0.168423530054592
1994.58082191781	0.122650135860735
1994.66575342466	0.093907129454864
1994.74794520548	0.0520915997528456
1995.16164383562	0.118462220355432
1995.41369863014	0.529933684564006
1995.49589041096	0.553383689558715
1995.58082191781	0.467070109754781
1995.66575342466	0.321243510565629
1995.74794520548	0.271875636138454
1996.16393442623	0.420823138261197
1996.3306010929	0.477682971044615
1996.41530054645	0.53663327588639
1996.49726775956	0.455035163121343
1996.58196721311	0.319529998743022
1996.66666666667	0.237950805399128
1996.74863387978	0.220001508273351
1996.83333333333	0.154025799985056
1997.24657534247	0.186149603936416
1997.32876712329	0.2631625252753
1997.41369863014	0.292197097713631
1997.49589041096	0.256890655974715
1997.58082191781	0.227278939549703
1997.66575342466	0.127128104175246
1997.74794520548	0.114995606665726
1997.83287671233	0.151089491702993
1998.41369863014	0.528715807691861
1998.49589041096	0.524781518223388
1998.58082191781	0.410191971512015
1998.66575342466	0.300289371716396
1998.74794520548	0.252911779692034
1998.83287671233	0.26721233677086
1999.32876712329	0.461747552334467
1999.41369863014	0.523878710235732
1999.49589041096	0.465641358511684
1999.58082191781	0.372631165549965
1999.66575342466	0.300327818189742
1999.74794520548	0.295656528533706
1999.83287671233	0.251391341606528
2000.16393442623	0.365051469849321
2000.24863387978	0.350796638053044
2000.3306010929	0.479584429366498
2000.41530054645	0.487325125643601
2000.49726775956	0.398164026111209
2000.58196721311	0.266958393167472
2000.66666666667	0.183969266057054
2000.74863387978	0.14450104019752
2000.83333333333	0.138476972006061
2001.16164383562	0.0382239342451496
2001.24657534247	0.0472856203119573
2001.32876712329	0.0588390857906032
2001.41369863014	0.0804187052670476
2001.49589041096	0.0458752076382963
2001.58082191781	-0.0265434820191914
2001.66575342466	-0.0193465754146755
2001.74794520548	-0.0336940252237713
2001.83287671233	0.0517143271890426
2002.24657534247	0.09202364269246
2002.32876712329	0.150309832874573
2002.41369863014	0.208259028201233
2002.49589041096	0.211485767546625
2002.58082191781	0.159567974107504
2002.66575342466	0.102539519019116
2002.74794520548	0.0328322013228273
2002.83287671233	0.0154313485143165
2003.16164383562	0.125259070245176
2003.24657534247	0.0799333642419777
2003.32876712329	0.317029000939639
2003.41369863014	0.420534134392735
2003.49589041096	0.347270184962349
2003.58082191781	0.28515348055173
2003.66575342466	0.221510324418966
2003.74794520548	0.166792997747413
2003.83287671233	0.0980478528510186
2004.16393442623	0.0727322839211411
2004.24863387978	0.181168456981474
2004.3306010929	0.277456396206715
2004.41530054645	0.336620839625145
2004.49726775956	0.295427783844739
2004.58196721311	0.200954236944576
2004.66666666667	0.137204357007885
2004.74863387978	0.118870663854636
2004.83333333333	0.138356912445323
2005.16164383562	0.111492131016563
2005.24657534247	0.150928101907215
2005.32876712329	0.301906381291819
2005.41369863014	0.36371233114628
2005.49589041096	0.315170462939321
2005.58082191781	0.228093066211881
2005.66575342466	0.154100889552435
2005.74794520548	0.113685821000602
2005.83287671233	0.128313882602668
2006.16164383562	0.161407292949296
2006.24657534247	0.489823377164146
2006.32876712329	0.527926049030364
2006.41369863014	0.507304292281749
2006.49589041096	0.491384797606443
2006.58082191781	0.411420003838043
2006.66575342466	0.29779594216749
2006.74794520548	0.265545598034225
2006.83287671233	0.23385772525016
2007.16164383562	0.159871112230374
2007.24657534247	0.218362903294036
2007.32876712329	0.25277017679255
2007.41369863014	0.256712448156791
2007.49589041096	0.206292003724202
2007.58082191781	0.15712107839923
2007.66575342466	0.116718014184358
2007.74794520548	0.0737265443768612
2007.83287671233	0.0630025876428779
2008.24863387978	0.0979188960315773
2008.3306010929	0.127024600156122
2008.41530054645	0.202188247418871
2008.49726775956	0.200889359010447
2008.58196721311	0.17994519103387
2008.66666666667	0.109655500064763
2008.74863387978	0.0352553622845155
2008.83333333333	0.0193449582572815
2009	-0.0189365424076587
2009.08493150685	-0.054775823671806
2009.16164383562	0.130923667516497
2009.24657534247	0.11807954827867
2009.32876712329	0.223898696212683
2009.41369863014	0.263667208687276
2009.49589041096	0.245348732924415
2009.58082191781	0.158904624461956
2009.66575342466	0.0927986685790202
2009.74794520548	0.0455622123173017
2009.83287671233	0.0260120168471535
2009.91506849315	0.0651291548949012
2010	0.104858441348631
2010.08493150685	0.140231465960513
2010.16164383562	0.134894026597696
2010.24657534247	0.224404509802939
2010.32876712329	0.266958393167475
2010.41369863014	0.439778427943793
2010.49589041096	0.430652042925689
2010.58082191781	0.317980437441918
2010.66575342466	0.238123405801721
2010.74794520548	0.20632473472934
2010.83287671233	0.179882525716026
2010.91506849315	0.154106564311834
2011	0.129375836110243
2011.16164383562	0.236638866872569
2011.24657534247	0.275287589936631
2011.32876712329	0.367088219154943
2011.41369863014	0.509974930110827
2011.49589041096	0.521959026734561
2011.58082191781	0.474441369235201
2011.66575342466	0.375005711592225
2011.74794520548	0.321363255409585
2011.83287671233	0.298561981269908
2011.91506849315	0.277635081509299
2012	0.284856074341864
2012.08469945355	0.273514927466744
2012.16393442623	0.284741844630374
2012.24863387978	0.433164718564142
2012.3306010929	0.493737056980931
2012.41530054645	0.508231378043121
2012.49726775956	0.455293580843952
2012.58196721311	0.421642890395522
2012.66666666667	0.400334189263578
2012.74863387978	0.351428787780758
2012.83333333333	0.278665818457276
2013	0.320119164022571
2013.08493150685	0.29830225665758
2013.16164383562	0.356810891528511
2013.24657534247	0.358517253356835
2013.32876712329	0.362548716649913
2013.41369863014	0.318854018251819
2013.49589041096	0.258961856767424
2013.58082191781	0.175947560623507
2013.66575342466	0.11708570233871
2013.74794520548	0.121244377489185
2013.83287671233	0.149802539820527
2013.91506849315	0.111701424661671
2014	0.0931678149279185
2014.08493150685	0.132332390195969
2014.16164383562	0.147617013563286
2014.24657534247	0.201311190541103
2014.32876712329	0.222383828613884
2014.41369863014	0.195528681606673
2014.49589041096	0.117544202977938
2014.58082191781	0.0892820669258821
2014.66575342466	0.0236485542909617
2014.74794520548	-0.0335872697641905
2014.83287671233	-0.0223906488000749
2014.91506849315	0.0488364480828455
2015	0.0892823283718088
2015.08493150685	0.129375836110308
2015.16164383562	0.16490077295741
2015.24657534247	0.14890535688442
2015.32876712329	0.196493959547659
2015.41369863014	0.19752529336232
2015.49589041096	0.148051119218379
2015.58082191781	0.0809685016770001
2015.66575342466	-0.00278895170437735
2015.74794520548	-0.0413042319317439
2015.83287671233	-0.0200425018466696
2015.91506849315	0.0118736599805367
2016	0.0689783225756949
2016.08469945355	0.144189097392231
2016.16393442623	0.252274836419429
2016.24863387978	0.316514317133042
2016.3306010929	0.420100941216683
2016.41530054645	0.48067450087575
2016.49726775956	0.454157585153627
2016.58196721311	0.356044793596942
2016.66666666667	0.279232052355901
2016.74863387978	0.225823079671743
2016.83333333333	0.246888603314753
2017.16164383562	0.473903293670324
2017.24657534247	0.444861347213845
2017.32876712329	0.436187009101004
2017.41369863014	0.475087882266092
2017.49589041096	0.462796774501058
2017.58082191781	0.389981633681259
2017.66575342466	0.314184395498546
2017.74794520548	0.28646520686715
2017.83287671233	0.2540813138521
2017.91506849315	0.293125187888134
2018	0.297266300280039
2018.08493150685	0.277635081509316
2018.16164383562	0.293297267907467
2018.24657534247	0.448364690483044
2018.32876712329	0.477574551921974
2018.41369863014	0.480020149028856
2018.49589041096	0.443446892505576
2018.58082191781	0.365094723926309
2018.66575342466	0.243499229702386
2018.74794520548	0.207963563379861
2018.83287671233	0.234200593300186
2019	0.247866776468479
2019.08493150685	0.260155579118202
2019.16164383562	0.239056321117372
2019.24657534247	0.355619654830531
2019.32876712329	0.431438957035299
2019.41369863014	0.473580746499183
2019.49589041096	0.425372833936085
2019.58082191781	0.372543424042964
2019.66575342466	0.326295200899815
2019.74794520548	0.280307510816322
2019.83287671233	0.253124248333926
2019.91506849315	0.246844592639871
2020	0.199138309701151
2020.08469945355	0.182050062338634
2020.16393442623	0.195432238617541
2020.24863387978	0.232454038734242
2020.3306010929	0.275030072195283
2020.41530054645	0.282949073022272
2020.49726775956	0.260251142872547
2020.58196721311	0.215265206996791
2020.66666666667	0.164867145523771
