tDec	storage
1992.74863387978	0
1992.83333333333	-0.360906285736503
1992.91530054645	-0.120345524547985
1993	0.722973158304813
1993.08493150685	2.29455104135736
1993.16164383562	7.15248967787774
1993.24657534247	3.26502517957858
1993.41369863014	0.662667033484921
1993.49589041096	-0.378941307588313
1993.66575342466	-0.559237247875163
1993.74794520548	-1.44124223276143
1993.83287671233	-1.74068797296922
1993.91506849315	-2.57759909890473
1994	-6.31409104367592
1994.08493150685	-1.98003798640432
1994.16164383562	-1.62094396376616
1994.24657534247	-0.240647683307892
1994.32876712329	-1.92021779321219
1994.41369863014	-0.348882390958335
1994.49589041096	2.26797984915541
1994.58082191781	-3.76915210912654
1994.66575342466	-3.65901964025178
1994.74794520548	-5.66532875885405
1994.83287671233	-6.54960671318114
1994.91506849315	-6.54960671318114
1995	-0.765557861274938
1995.08493150685	-5.31079051410024
1995.16164383562	-4.54103634845254
1995.24657534247	-2.63729060421451
1995.32876712329	-3.17397841251291
1995.49589041096	-5.31079051410025
1995.58082191781	-6.4907478569622
1995.66575342466	-7.43086656212594
1995.74794520548	-10.2876324290078
1995.83287671233	-11.0569689279641
1995.91506849315	-8.03420888504488
1996	-9.18401039950398
1996.16393442623	-7.48950793934547
1996.24863387978	-4.0068786797598
1996.3306010929	-3.88804007841777
1996.41530054645	-4.06627940790483
1996.49726775956	-5.3107905141001
1996.58196721311	-6.54960671318102
1996.74863387978	-8.13364738595322
1996.83333333333	-17.3671576110373
1996.91530054645	-17.9252994691696
1997	-13.6795658115729
1997.16164383562	-10.710230558164
1997.32876712329	-9.00927207226036
1997.41369863014	-8.73525477954481
1997.49589041096	-9.42705063656159
1997.58082191781	-11.9041464619533
1997.74794520548	-14.2489655070123
1997.83287671233	-14.4762624339453
1997.91506849315	-14.1920997617109
1998.24657534247	-1.19167655946419
1998.32876712329	-3.16617719054277
1998.41369863014	-0.300782440972498
1998.49589041096	3.08287293828111
1998.58082191781	2.3551325218452
1998.74794520548	1.68928404621841
1998.91506849315	-4.63420809857252
1999	-0.841501321233812
1999.08493150685	-3.79367376398501
1999.24657534247	3.6721398477868
1999.32876712329	2.50662932992022
1999.41369863014	-5.54720131599686
1999.58082191781	-5.78340397558961
1999.66575342466	-5.0008511794555
1999.74794520548	-4.66982220574224
1999.83287671233	-1.27942319943048
1999.91506849315	-3.293110363374
2000	-5.36991264455216
2000.08469945355	-2.1457105996236
2000.16393442623	-11.4435108496658
2000.24863387978	-3.47878026665533
2000.3306010929	-5.96041845990068
2000.41530054645	-6.09604929300451
2000.49726775956	-6.69669511624379
2000.58196721311	-6.96124178645313
2000.66666666667	-7.89960998911305
2000.74863387978	-9.00927207226028
2000.91530054645	-6.06708234524126
2001.16164383562	-5.72437290739595
2001.24657534247	-3.58706506378852
2001.32876712329	-3.6541637411267
2001.49589041096	-2.51789577560621
2001.58082191781	-4.18504360005229
2001.66575342466	-4.55109023445222
2001.74794520548	-4.70024609270532
2001.83287671233	-7.13745358629115
2001.91506849315	-7.13745358629115
2002	-6.25517877043102
2002.08493150685	-4.00687867975963
2002.16164383562	-2.4581806581368
2002.24657534247	-1.20148091967686
2002.32876712329	-1.20148091967686
2002.41369863014	-2.15942899186071
2002.49589041096	-2.57759909890448
2002.58082191781	-3.76915210912618
2002.66575342466	-4.65960002008903
2002.74794520548	-5.1925075361497
2002.83287671233	-6.608452155598
2002.91506849315	-7.01999266535152
2003	-5.42902183756418
2003.08493150685	-5.07417309425808
2003.16164383562	-5.42902183756418
2003.24657534247	-4.77811308523543
2003.32876712329	-5.19250753614965
2003.41369863014	-6.07836227770182
2003.49589041096	-7.01999266535157
2003.58082191781	-7.72393526113031
2003.66575342466	-8.36745987254668
2003.74794520548	-9.59122505499188
2003.83287671233	-10.7507114994684
2003.91506849315	-11.4435108496659
2004	-11.3858617826902
2004.08469945355	-10.9818887079584
2004.16393442623	-10.9241171822567
2004.24863387978	-10.4034923019456
2004.3306010929	-10.8663304563958
2004.41530054645	-11.9616559407776
2004.49726775956	-13.0513393976365
2004.58196721311	-13.5084261223688
2004.66666666667	-14.5898109313948
2004.74863387978	-15.2131267553663
2004.83333333333	-16.6220596774261
2004.91530054645	-15.8907624192839
2005	-14.419463157989
2005.08493150685	-13.9075231446995
2005.16164383562	-13.3371399854004
2005.24657534247	-13.0513393976365
2005.32876712329	-13.6225355601754
2005.41369863014	-14.8733890791421
2005.49589041096	-15.3262370093659
2005.58082191781	-16.3411402824336
2005.66575342466	-16.8464788608797
2005.74794520548	-18.0756878068595
2005.83287671233	-19.1301972452762
2005.91506849315	-19.9029043457764
2006	-20.0129888029799
2006.08493150685	-19.517011898037
2006.16164383562	-19.0195105317318
2006.24657534247	-18.1870010558113
2006.32876712329	-18.2982413092589
2006.41369863014	-18.9641392538289
2006.49589041096	-19.7376353152362
2006.58082191781	-20.452563331404
2006.66575342466	-21.1096142629389
2006.74794520548	-22.577643492206
2006.83287671233	-24.0845192313737
2006.91506849315	-22.1984352286635
2007	-19.3347708188561
2007.08493150685	-17.2944671958225
2007.16164383562	-14.5330450330198
2007.24657534247	-14.1920997617107
2007.32876712329	-14.646560105252
2007.41369863014	-15.7215850720928
2007.49589041096	-16.5659108670939
2007.58082191781	-17.2385309411178
2007.66575342466	-18.4649644060408
2007.74794520548	-19.4065871711012
2007.83287671233	-20.4525633314038
2007.91506849315	-20.5074238831642
2008	-19.2960873526678
2008.08469945355	-17.8528430846203
2008.16393442623	-15.6087141298698
2008.24863387978	-13.2800121736138
2008.3306010929	-13.4513469835957
2008.41530054645	-13.6225355601754
2008.49726775956	-14.419463157989
2008.58196721311	-14.8167070415369
2008.66666666667	-16.0597843154682
2008.74863387978	-16.9025395231845
2008.83333333333	-17.7970865795963
2008.91530054645	-17.2944671958226
2009	-16.6781909057889
2009.08493150685	-15.8343872107968
2009.16164383562	-15.3262370093658
2009.24657534247	-13.3371399854005
2009.32876712329	-13.2228681851264
2009.41369863014	-13.7365797195419
2009.49589041096	-14.6465601052521
2009.58082191781	-15.7779947537939
2009.66575342466	-16.0034609954377
2009.74794520548	-17.3503855827408
2009.83287671233	-17.8528430846204
2009.91506849315	-18.0756878068596
2010	-15.890762419284
2010.08493150685	-14.53304503302
2010.16164383562	-11.0973860636114
2010.24657534247	-10.5192922316989
2010.32876712329	-10.8663304563958
2010.41369863014	-11.5587627162327
2010.49589041096	-12.4211671307883
2010.58082191781	-13.1657080437556
2010.66575342466	-14.0214032743321
2010.74794520548	-15.0999485552992
2010.83287671233	-15.7215850720929
2010.91506849315	-16.5097444986105
2011	-15.8343872107968
2011.08493150685	-14.7032925307734
2011.16164383562	-14.5898109313948
2011.24657534247	-13.1085317733196
2011.32876712329	-13.2228681851263
2011.41369863014	-14.1920997617108
2011.49589041096	-14.419463157989
2011.58082191781	-15.8343872107968
2011.66575342466	-16.453560595794
2011.74794520548	-17.5738799761857
2011.83287671233	-18.7258313117481
2011.91506849315	-17.6576162597339
2012	-16.1892620926929
2012.08469945355	-16.4367020093146
2012.16393442623	-15.6482267741271
2012.24863387978	-14.8167070415369
2012.3306010929	-15.552252916984
2012.41530054645	-16.4928911677867
2012.49726775956	-17.3503855827408
2012.58196721311	-18.2426303188821
2012.66666666667	-19.1301972452763
2012.74863387978	-19.754169889793
2012.83333333333	-20.0404980279281
2012.91530054645	-20.4361014158354
2013	-19.4231556718814
2013.08493150685	-18.8145440521715
2013.16164383562	-18.5371597805703
2013.24657534247	-16.1442367684677
2013.32876712329	-16.7511351784477
2013.41369863014	-17.2944671958228
2013.49589041096	-18.370508239901
2013.58082191781	-18.975214996758
2013.66575342466	-20.09550218976
2013.74794520548	-20.7431046121365
2013.83287671233	-22.1984352286636
2013.91506849315	-22.144182478651
2014	-20.9292035968186
2014.08493150685	-20.2164441837401
2014.16164383562	-19.2242222931291
2014.24657534247	-17.5180332985945
2014.32876712329	-17.5738799761858
2014.41369863014	-18.448299524778
2014.49589041096	-19.1301972452762
2014.58082191781	-19.8478336244095
2014.66575342466	-20.6499711718643
2014.74794520548	-21.6441235326235
2014.83287671233	-22.631735674531
2014.91506849315	-27.2578999044944
2015	-21.9269720789863
2015.08493150685	-21.1806268402934
2015.16164383562	-20.5458148175179
2015.24657534247	-19.9579560799061
2015.32876712329	-19.7762133398816
2015.41369863014	-20.8361821261269
2015.49589041096	-21.6005609006377
2015.58082191781	-22.5235311555569
2015.66575342466	-23.1338233818978
2015.74794520548	-23.9238398259741
2015.83287671233	-24.7093724507717
2015.91506849315	-23.8595157383632
2016	-22.8479023842258
2016.08469945355	-19.8643568330621
2016.16393442623	-18.869965447702
2016.24863387978	-17.8918618665036
2016.3306010929	-17.1266049236213
2016.41530054645	-17.8249670938658
2016.49726775956	-19.3844932086371
2016.58196721311	-19.9579560799061
2016.66666666667	-20.737627721462
2016.74863387978	-21.4261842508136
2016.83333333333	-22.5072935280295
2016.91530054645	-22.8533024022656
2017	-22.4152461145579
2017.08493150685	-22.1279027596269
2017.16164383562	-20.8471287396462
2017.24657534247	-20.3757262655721
2017.32876712329	-20.5841963115766
2017.41369863014	-21.1096142629393
2017.49589041096	-22.0627659289888
2017.58082191781	-22.8587022175481
2017.66575342466	-23.7951618122321
2017.74794520548	-24.4587079893725
2017.83287671233	-25.6174132666968
2017.91506849315	-24.917016882012
2018	-23.3976557284389
2018.08493150685	-22.6317356745313
2018.16164383562	-21.5460898590462
2018.24657534247	-18.7535591296915
2018.32876712329	-17.824967093866
2018.41369863014	-18.1870010558117
2018.49589041096	-18.9309075660445
2018.58082191781	-18.9641392538293
2018.66575342466	-19.9359376662472
2018.74794520548	-21.1642422518673
2018.83287671233	-21.9813045412086
2018.91506849315	-21.992168647336
2019	-20.8799639241821
2019.08493150685	-19.8918917197199
2019.16164383562	-18.6592657048435
2019.24657534247	-18.6315221911227
2019.32876712329	-18.8533409748522
2019.41369863014	-19.6383921395718
2019.49589041096	-20.3976835542257
2019.58082191781	-21.4806986048825
2019.66575342466	-22.1875862769073
2019.74794520548	-23.0745282938595
2019.83287671233	-24.0416896860682
2019.91506849315	-23.0206022754128
2020	-20.3537659061871
2020.08469945355	-15.823110098516
2020.16393442623	-11.8926426928181
2020.24863387978	-5.1629287429786
2020.3306010929	-3.38838107424796
2020.41530054645	-3.69779571020392
2020.49726775956	-4.36309637064645
2020.58196721311	-4.96762825237125
2020.66666666667	-5.73618016822484
