tDec	storage
1992.74863387978	0
1993	-0.06396828124645
1993.16164383562	0.0156464579895683
1993.41369863014	0.266414771213115
1993.49589041096	0.229403868102479
1993.58082191781	0.0996720067225922
1993.66575342466	0.00624481932326788
1993.74794520548	-0.0502734453413533
1994.08493150685	-0.0710316739342772
1994.16164383562	-0.0586037099826117
1994.32876712329	0.233644345044289
1994.41369863014	0.243714340464371
1994.49589041096	0.12682141408913
1994.58082191781	0.00537866044150623
1994.66575342466	-0.0842134702210824
1994.74794520548	-0.0865745994270572
1994.83287671233	0.0432448952236204
1995	0.0151264624139497
1995.08493150685	0.023080038041225
1995.16164383562	0.0288304230166293
1995.24657534247	0.162053126915265
1995.32876712329	0.257238985799276
1995.41369863014	0.268778180232311
1995.49589041096	0.183517471731796
1995.58082191781	0.0291003435395805
1995.66575342466	-0.05459122496149
1995.74794520548	-0.0803679221426004
1995.83287671233	-0.0964930486434562
1995.91506849315	0.0687986822343034
1996.08469945355	0.0263280996940519
1996.3306010929	0.266719059197721
1996.41530054645	0.181041436174488
1996.49726775956	0.0443262964157094
1996.58196721311	-0.0528493837097535
1996.66666666667	-0.0990682629216077
1996.74863387978	-0.0990682629216077
1996.83333333333	-0.0883857804364211
1997	-0.0990682629216077
1997.08493150685	-0.0990682629216077
1997.16164383562	-0.0990682629216077
1997.24657534247	-0.0414350084791821
1997.32876712329	0.220233139375065
1997.41369863014	0.244420256612963
1997.49589041096	0.190017825316485
1997.58082191781	0.112157185373849
1997.66575342466	0.0825332411013799
1997.74794520548	0.0428478719850686
1998	-0.0560771037689251
1998.08493150685	-0.0990682629216077
1998.24657534247	0.0173212701077232
1998.32876712329	0.103090835535725
1998.41369863014	0.15383005695302
1998.49589041096	0.225803812099408
1998.58082191781	0.18543776630108
1998.66575342466	0.177098936931779
1998.74794520548	0.0561264987252173
1998.83287671233	0.0392264101135866
1999	0.0882149285297894
1999.08493150685	0.112722016427093
1999.24657534247	0.0919694111647574
1999.41369863014	0.108786247464111
1999.49589041096	0.0812415035082193
1999.58082191781	0.0520331329430782
1999.66575342466	0.0538102132434769
1999.83287671233	0.0467553085611665
1999.91506849315	0.00291831985900357
2000	-0.00525615134704102
2000.08469945355	-0.0303539770317526
2000.16393442623	0.000972803189365323
2000.24863387978	0.100261897706033
2000.3306010929	0.268330151978925
2000.41530054645	0.250360106272051
2000.49726775956	0.215921629790605
2000.58196721311	0.153567217924635
2000.66666666667	0.0588946587063223
2000.74863387978	0.0456258157268296
2000.83333333333	0.0335335151678656
2000.91530054645	0.0052804398374443
2001	-0.0458460962002452
2001.08493150685	0.00335501780406333
2001.16164383562	-0.0635319432300317
2001.24657534247	0.0197360771977934
2001.32876712329	0.156100890953806
2001.41369863014	0.123052979990983
2001.49589041096	0.0714106898473318
2001.58082191781	0.0526461671548461
2001.66575342466	-0.0210783436698132
2001.74794520548	-0.0651685062488671
2001.83287671233	-0.0586696115431187
2002	0.109093297297311
2002.08493150685	0.0552488115299711
2002.16164383562	0.0322384973704127
2002.32876712329	0.230089767818393
2002.41369863014	0.216241279541336
2002.49589041096	0.191159591105723
2002.66575342466	0.0865009176183351
2002.91506849315	-0.0315374535432912
2003	-0.0671996970062689
2003.32876712329	0.144213746602348
2003.41369863014	0.196647129645
2003.49589041096	0.152619328225843
2003.58082191781	0.130971493896237
2003.66575342466	0.00874231720563959
2003.74794520548	-0.052663970044999
2003.83287671233	-0.0427303180499328
2004	0.0437413899440681
2004.08469945355	0.0519795423469252
2004.16393442623	0.137871529127905
2004.24863387978	0.102180578183828
2004.3306010929	0.0936535788925215
2004.49726775956	0.0473231453570368
2004.58196721311	0.0227941265201231
2004.66666666667	-0.0611378947440573
2004.91530054645	-0.0895054679802434
2005	-0.0634779190517793
2005.08493150685	-0.0599070470158802
2005.16164383562	0.164644464259011
2005.24657534247	0.181645034137127
2005.32876712329	0.200755439404192
2005.41369863014	0.185309593829652
2005.49589041096	0.147574399066298
2005.58082191781	0.110674225506464
2005.66575342466	0.0286425762288928
2005.74794520548	-0.0326783918202878
2005.83287671233	-0.0438442704115725
2005.91506849315	-0.0347315209580047
2006	0.0772377882096869
2006.08493150685	0.0852827380164598
2006.16164383562	0.0490516093202243
2006.24657534247	0.17119250524726
2006.32876712329	0.197279197807904
2006.49589041096	0.10478919924136
2006.58082191781	0.0422112769207596
2006.66575342466	-0.0585152985735751
2006.74794520548	-0.0399593453447019
2006.83287671233	0.00581150144781319
2006.91506849315	0.056205980544418
2007	0.0772090840761205
2007.08493150685	0.158583344905127
2007.16164383562	0.203139539420011
2007.24657534247	0.20605595135231
2007.32876712329	0.222696290306019
2007.41369863014	0.191159591105723
2007.49589041096	0.0758220816610148
2007.58082191781	0.0136417558715568
2007.66575342466	-0.0105756383128486
2007.74794520548	-0.0406187539216641
2007.91506849315	-0.044477178661794
2008	-0.00532503953462395
2008.16393442623	0.0575091816477798
2008.3306010929	0.195436221905474
2008.41530054645	0.0519270082870111
2008.49726775956	0.049704793329871
2008.58196721311	0.0569049106147639
2008.74863387978	-0.0078977474353319
2008.83333333333	0.0143452835130129
2008.91530054645	0.0183625631885326
2009	0.0485443071802148
2009.08493150685	0.0985628418440221
2009.24657534247	0.236905609530247
2009.32876712329	0.234333695175523
2009.41369863014	0.178595648563569
2009.49589041096	0.111067763596161
2009.58082191781	0.0790459235312192
2009.66575342466	0.113347348587065
2009.74794520548	0.0747616624420469
2009.83287671233	0.0597040997075218
2009.91506849315	0.0962206217032775
2010.16164383562	0.175749846150463
2010.24657534247	0.144495218432674
2010.41369863014	0.121710431300615
2010.49589041096	0.0906193417654652
2010.58082191781	0.139684587799876
2010.66575342466	0.0856021665464973
2010.74794520548	-0.0864712932751108
2011	0.0366826833770021
2011.16164383562	0.150194299413393
2011.24657534247	0.162537171483751
2011.32876712329	0.213543851884026
2011.41369863014	0.237085529459606
2011.49589041096	0.201002333259691
2011.58082191781	0.157740608896585
2011.66575342466	0.160458891819002
2011.74794520548	0.123057758630678
2012.16393442623	0.0548935231818161
2012.24863387978	0.221679468858639
2012.3306010929	0.139141738990323
2012.41530054645	0.173051380285886
2012.74863387978	0.045194661999451
2012.83333333333	0.0986006975724418
2013	0.149231169952915
2013.24657534247	0.121963207131435
2013.32876712329	0.196782529460685
2013.41369863014	0.143043451475938
2013.49589041096	0.104538826270503
2013.58082191781	0.0442291060394385
2013.66575342466	0.0178907859222527
2013.74794520548	0.014975525130944
2013.83287671233	-0.0562836788897283
2014.08493150685	0.0208373392894551
2014.16164383562	0.10433142163123
2014.24657534247	0.123656570839144
2014.41369863014	0.0996122461004411
2014.49589041096	0.0878129445371934
2014.58082191781	0.0255061033911527
2014.66575342466	-0.0536877326478559
2014.74794520548	-0.0226254700407117
2014.83287671233	-0.0327563998507006
2014.91506849315	0.0484994482790509
2015	0.197253958326547
2015.08493150685	0.0809368327999962
2015.16164383562	0.213787962220149
2015.24657534247	0.215591230376174
2015.32876712329	0.211935924244397
2015.41369863014	0.234100142979315
2015.49589041096	0.17391756522149
2015.58082191781	0.128229082054007
2015.66575342466	0.0880887847141513
2015.74794520548	0.091518273754711
2015.83287671233	0.0660527432826844
2015.91506849315	0.0267983695280909
2016	0.110064514742853
2016.08469945355	0.124217652671136
2016.16393442623	0.17568787856831
2016.24863387978	0.147083362737303
2016.3306010929	0.118874930301355
2016.41530054645	0.0936865625597666
2016.49726775956	0.0926933425433179
2016.58196721311	0.0789661713060455
2016.66666666667	-0.0405451902094592
2016.74863387978	-0.0779429381051253
2016.83333333333	-0.0970136853510087
2016.91530054645	-0.0990682629216077
2017	0.0772201239456251
2017.08493150685	0.116112596983587
2017.16164383562	0.12227932060203
2017.24657534247	0.187774844823767
2017.32876712329	0.236005184234263
2017.41369863014	0.173317690077279
2017.49589041096	0.128329060473662
2017.58082191781	0.116423377075925
2017.66575342466	0.0261959589869935
2017.74794520548	-0.0641694737741538
2017.83287671233	-0.0498686280700671
2017.91506849315	-0.0460936355423071
2018	0.126446561547881
2018.08493150685	0.151348359938594
2018.16164383562	0.161021522921011
2018.24657534247	0.215116940961521
2018.32876712329	0.121846345227627
2018.41369863014	0.16124923191745
2018.49589041096	0.13960368362213
2018.58082191781	0.0930192999549428
2018.66575342466	0.0638430428818211
2018.74794520548	-0.0221546317313279
2018.83287671233	0.0156542096207391
2018.91506849315	0.0868300386063191
2019	0.15989292244311
2019.08493150685	0.134862467899706
2019.16164383562	0.155731733971217
2019.24657534247	0.197352264090694
2019.32876712329	0.192363782275021
2019.41369863014	0.202710027971507
2019.49589041096	0.146808240743289
2019.58082191781	0.129451578221471
2019.66575342466	0.0365840350163433
2019.74794520548	0.0663511190107958
2019.83287671233	0.025446599003988
2019.91506849315	0.0208108518174393
2020.16393442623	0.130710266848518
2020.24863387978	0.220106005841813
2020.3306010929	0.240100962683672
2020.41530054645	0.203181031122234
2020.49726775956	0.138949459467173
2020.58196721311	0.0939789496419314
2020.66666666667	0.0827964173736898
