tDec	storage
1993	0
1993.08493150685	0.0982057287984936
1993.16164383562	-0.0826673844158461
1993.24657534247	-0.184806066611418
1993.32876712329	-0.163689620686154
1993.49589041096	-0.428347330943625
1993.58082191781	-0.355976771681924
1993.66575342466	-0.299746842832985
1993.74794520548	-0.17676738305534
1993.83287671233	-0.086898679336955
1993.91506849315	-0.172943629412928
1994	-0.161887129959522
1994.08493150685	0.10508932819789
1994.16164383562	-0.0635359644562674
1994.24657534247	-0.141627713947916
1994.41369863014	-0.176093996686495
1994.66575342466	-0.220096149635639
1994.74794520548	-0.176323471500493
1994.83287671233	-0.058455499798629
1994.91506849315	-0.0652794514546654
1995	-0.0652794514546654
1995.08493150685	0.159906743993078
1995.16164383562	-0.0751951245097086
1995.24657534247	-0.0602659801639572
1995.32876712329	-0.121732296093225
1995.49589041096	-0.291569638541311
1995.74794520548	-0.129758388764982
1995.83287671233	-0.15947469032705
1995.91506849315	-0.0458004812763706
1996	-0.0407286557261965
1996.16393442623	-0.094772697183249
1996.24863387978	-0.230636425528714
1996.3306010929	-0.280273949859587
1996.41530054645	-0.3185874749624
1996.49726775956	-0.324899283411616
1996.58196721311	-0.346378592961004
1996.74863387978	-0.116577130449933
1996.83333333333	-0.0429346911514933
1996.91530054645	-0.167064482425477
1997	-0.161319451097709
1997.08493150685	0.125326852481161
1997.16164383562	-0.113666216059125
1997.24657534247	-0.128692340733026
1997.41369863014	-0.219393085943035
1997.49589041096	-0.362619767033895
1997.58082191781	-0.413704965580229
1997.66575342466	-0.409219897944926
1997.74794520548	-0.163674564518382
1997.83287671233	-0.0858429021385384
1997.91506849315	-0.0385258473530762
1998.08493150685	-0.197444667329139
1998.16164383562	-0.285833738247246
1998.24657534247	-0.387620307834385
1998.32876712329	-0.547371759442571
1998.41369863014	-0.571646118895161
1998.49589041096	-0.415162196185864
1998.74794520548	-0.156404879256631
1998.83287671233	-0.160269091287871
1998.91506849315	-0.050988055787768
1999	0.0493643238535139
1999.08493150685	-0.0291394472546334
1999.16164383562	-0.252421694626501
1999.24657534247	-0.302011018325596
1999.32876712329	-0.345261165852639
1999.49589041096	-0.465916827724379
1999.58082191781	-0.369632656235445
1999.66575342466	-0.265741400546145
1999.74794520548	-0.200069483820836
1999.83287671233	-0.165119462542815
1999.91506849315	-0.319629426952317
2000	-0.332135878457176
2000.08469945355	-0.370388088491188
2000.16393442623	-0.486421771837178
2000.24863387978	-0.551144346930595
2000.3306010929	-0.550877509723206
2000.41530054645	-0.513973675030592
2000.58196721311	-0.540565191234531
2000.66666666667	-0.50171460464818
2000.74863387978	-0.194045115271866
2000.83333333333	-0.143797149561177
2000.91530054645	-0.0706852548584509
2001	-0.166633526109731
2001.08493150685	-0.27886837739475
2001.16164383562	-0.375980272287319
2001.24657534247	-0.414540957807327
2001.41369863014	-0.505359912891837
2001.49589041096	-0.561552302259484
2001.58082191781	-0.497538201312781
2001.74794520548	-0.274118510059172
2002	-0.238873303459682
2002.16164383562	-0.536025603218528
2002.49589041096	-0.789015869568388
2002.66575342466	-0.504111506070689
2002.74794520548	-0.354720381331896
2003	-0.224323902630142
2003.24657534247	-0.448018847573115
2003.66575342466	-0.434382277694263
2003.74794520548	-0.279573662652973
2003.83287671233	-0.261574681677988
2003.91506849315	-0.163569168310176
2004.08469945355	-0.262573047675181
2004.41530054645	-0.64561584360648
2004.58196721311	-0.575606762431954
2004.66666666667	-0.637114574103899
2004.74863387978	-0.31405137482385
2004.91530054645	-0.134597433858272
2005	-0.235974985154046
2005.08493150685	-0.289532567338333
2005.16164383562	-0.525131322021205
2005.24657534247	-0.457662692857445
2005.32876712329	-0.578658814894564
2005.41369863014	-0.633525678623751
2005.49589041096	-0.645733776264585
2005.58082191781	-0.632683550212624
2005.66575342466	-0.514481123496765
2005.74794520548	-0.373662188652123
2005.83287671233	-0.20085823583467
2005.91506849315	-0.34449907688194
2006	-0.367314779310153
2006.08493150685	-0.495499307011532
2006.16164383562	-0.41094439083753
2006.24657534247	-0.580843795555955
2006.32876712329	-0.655285573689812
2006.41369863014	-0.583444460933147
2006.66575342466	-0.527658441664655
2006.83287671233	-0.336969745539678
2006.91506849315	-0.1444657828724
2007.08493150685	-0.166513243339418
2007.16164383562	-0.466619184341503
2007.24657534247	-0.549028079385485
2007.32876712329	-0.456172537788768
2007.49589041096	-0.509821215293193
2007.66575342466	-0.34006593322696
2007.83287671233	-0.462773322707911
2007.91506849315	-0.446506313135772
2008	-0.58693848628383
2008.08469945355	-0.516108618791253
2008.16393442623	-0.516108618791253
2008.24863387978	-0.661239917905143
2008.3306010929	-0.582659775554394
2008.41530054645	-0.683818136949335
2008.49726775956	-0.398356594844889
2008.58196721311	-0.463884050495231
2008.74863387978	-0.370226238755375
2008.83333333333	-0.194633526775656
2008.91530054645	-0.286970091519187
2009	-0.30474391233103
2009.08493150685	-0.382812588097752
2009.16164383562	-0.410031913761681
2009.24657534247	-0.628860183769043
2009.32876712329	-0.647758816981369
2009.41369863014	-0.621988447019928
2009.49589041096	-0.726985280879767
2009.58082191781	-0.736673568498027
2009.66575342466	-0.531482793567888
2009.74794520548	-0.344626875706147
2009.83287671233	-0.166859037613491
2009.91506849315	-0.207530534873524
2010.08493150685	-0.124080356745421
2010.16164383562	-0.226091312254544
2010.24657534247	-0.390554172893314
2010.32876712329	-0.454156356385092
2010.41369863014	-0.458692166268993
2010.74794520548	-0.310476558912529
2010.83287671233	-0.277613350595703
2010.91506849315	-0.279564197506478
2011	-0.0224493678233926
2011.08493150685	-0.133834096447659
2011.16164383562	-0.278143880166711
2011.24657534247	-0.281002347132817
2011.32876712329	-0.350254327444021
2011.41369863014	-0.591796730278604
2011.58082191781	-0.675300192687489
2011.74794520548	-0.252229639577829
2011.83287671233	-0.196066756802639
2011.91506849315	-0.158589434140161
2012	-0.380249294516417
2012.08469945355	-0.286182734387871
2012.16393442623	-0.230995696271091
2012.24863387978	-0.310443985627582
2012.3306010929	-0.459657188490254
2012.41530054645	-0.654474118909252
2012.49726775956	-0.576337270824868
2012.58196721311	-0.668144823081925
2012.66666666667	-0.446043255025089
2012.74863387978	-0.418365150434375
2012.83333333333	-0.326564809553813
2012.91530054645	-0.0951457258962135
2013	-0.557183446660125
2013.08493150685	-0.180036418504652
2013.16164383562	-0.204384125564884
2013.24657534247	-0.303534472637867
2013.32876712329	-0.431956392605996
2013.41369863014	-0.489906464392293
2013.49589041096	-0.560350747995295
2013.58082191781	-0.561730069374065
2013.66575342466	-0.315481163883406
2013.74794520548	-0.202232884883437
2013.83287671233	-0.174811462132779
2013.91506849315	-0.179015401460337
2014	-0.14537215506567
2014.08493150685	-0.189871906784272
2014.16164383562	-0.298196784914192
2014.24657534247	-0.314190690194684
2014.32876712329	-0.45795629225527
2014.49589041096	-0.35252742606254
2014.58082191781	-0.557472782368264
2014.66575342466	-0.473548721031675
2014.74794520548	-0.25545360788634
2014.83287671233	-0.182609126758893
2014.91506849315	-0.155044680187109
2015	-0.0953632971573879
2015.08493150685	-0.139552524379592
2015.16164383562	-0.174067527371928
2015.24657534247	-0.267790363630111
2015.32876712329	-0.458543319097674
2015.41369863014	-0.711635157131284
2015.49589041096	-0.548018569605729
2015.58082191781	-0.586074615428163
2015.66575342466	-0.451368491775885
2015.74794520548	-0.281730458888756
2015.83287671233	-0.151963359823591
2015.91506849315	-0.0801654669652235
2016	-0.0093189721230244
2016.08469945355	-0.0690926334867621
2016.16393442623	-0.192155112872919
2016.24863387978	-0.272727292784391
2016.3306010929	-0.462862380972383
2016.41530054645	-0.5430756569402
2016.49726775956	-0.560093692343805
2016.58196721311	-0.578713388138588
2016.66666666667	-0.401187390584557
2016.74863387978	-0.318429971431696
2016.83333333333	-0.185595793285905
2016.91530054645	-0.136367333446138
2017	0.00936042162986819
2017.08493150685	-0.138298317184714
2017.16164383562	-0.162675596750999
2017.24657534247	-0.294229011583282
2017.32876712329	-0.486505235926158
2017.41369863014	-0.562338243470118
2017.49589041096	-0.494922749965476
2017.58082191781	-0.518929715370067
2017.74794520548	-0.221633231132674
2017.83287671233	-0.18318592684259
2017.91506849315	-0.0993897055517911
2018	-0.0347949309198851
2018.08493150685	-0.0312445322876468
2018.16164383562	-0.149766882166934
2018.24657534247	-0.267676061553936
2018.32876712329	-0.465684046039528
2018.41369863014	-0.534429694473175
2018.49589041096	-0.57254734782221
2018.58082191781	-0.52233104039513
2018.66575342466	-0.323975878858182
2018.74794520548	-0.292072677844354
2018.83287671233	-0.239284234046392
2018.91506849315	-0.152770686594165
2019	-0.135533424480431
2019.08493150685	-0.232888060893512
2019.16164383562	-0.278030207971836
2019.24657534247	-0.265698491489205
2019.32876712329	-0.429275306229822
2019.41369863014	-0.445455655191756
2019.49589041096	-0.617997763941504
2019.58082191781	-0.613951916389011
2019.66575342466	-0.588826841552792
2019.74794520548	-0.321401659057351
2019.83287671233	-0.240975384698056
2019.91506849315	-0.060597396349771
2020	0.0693475979311053
2020.08469945355	-0.0349491745800583
2020.16393442623	-0.135752102662898
2020.24863387978	-0.271957643630789
2020.3306010929	-0.567999456436784
2020.41530054645	-0.643513102599937
2020.49726775956	-0.627700230011051
2020.58196721311	-0.608005762147607
2020.66666666667	-0.416805993006064
