tDec	storage
1993	0
1993.08493150685	-0.831310127779866
1993.16164383562	-2.25845508418091
1993.24657534247	-2.74459953392408
1993.32876712329	-4.41433270363407
1993.41369863014	-5.07181664924617
1993.49589041096	-2.47672804633775
1993.83287671233	-0.282884232079914
1993.91506849315	-0.0290421963322015
1994	0.0776463422191568
1994.08493150685	-0.402536854802036
1994.16164383562	-2.10602811273119
1994.24657534247	-3.00670668330023
1994.32876712329	-4.43287718176733
1994.49589041096	-5.21779069232789
1994.58082191781	-4.78306659622367
1994.74794520548	-0.484017654018465
1994.83287671233	-0.211472901666033
1994.91506849315	0.394869880514132
1995	0.671384138387871
1995.08493150685	-0.764510115246901
1995.16164383562	-1.71230386006638
1995.24657534247	-2.55498293468957
1995.32876712329	-3.68775878150266
1995.41369863014	-4.63319603836518
1995.49589041096	-4.76753705918941
1995.74794520548	-0.30923430785105
1995.83287671233	0.0603406023243312
1995.91506849315	-1.18742222574028
1996	1.20693231738123
1996.16393442623	-1.4837089041797
1996.24863387978	-1.97062257664846
1996.3306010929	-2.97597330502255
1996.41530054645	-4.79154571103225
1996.49726775956	-3.33013071835308
1996.58196721311	-2.89230660125828
1996.66666666667	-2.16430839124725
1996.74863387978	-0.241250882386159
1996.83333333333	-0.31638449462047
1996.91530054645	-0.533346432864631
1997.08493150685	-1.97991518124157
1997.16164383562	-2.20164246292662
1997.24657534247	-3.66249181050524
1997.32876712329	-4.18222361072905
1997.41369863014	-5.48422379226014
1997.49589041096	-5.29257577227567
1997.58082191781	-4.02416084936088
1997.66575342466	-3.47446519437159
1997.74794520548	-1.89394216684401
1997.83287671233	-1.8908073174641
1997.91506849315	-2.18168968501934
1998	-2.15912119982803
1998.08493150685	-2.38095673927126
1998.16164383562	-2.88921328634073
1998.24657534247	-3.28722998844703
1998.32876712329	-4.35465973319084
1998.41369863014	-5.41241406198096
1998.49589041096	-5.50031136148318
1998.66575342466	-0.688065974936017
1998.83287671233	1.20693231738123
1998.91506849315	0.035281930865612
1999	-0.0326463399107143
1999.08493150685	-0.60893408266226
1999.16164383562	-1.56726949037138
1999.24657534247	-2.60919599604924
1999.32876712329	-3.82551918833972
1999.41369863014	-4.84472636310625
1999.49589041096	-3.92390485573416
1999.58082191781	-3.7002201373449
1999.66575342466	-1.05459796937477
1999.74794520548	-0.38999363752454
1999.83287671233	-0.27312488501939
1999.91506849315	0.0148960179529808
2000	-0.644359366257114
2000.08469945355	-0.89664659185418
2000.16393442623	-2.21449508594915
2000.24863387978	-2.86128876161227
2000.3306010929	-3.66602795794241
2000.41530054645	-4.75282359393924
2000.49726775956	-4.72036108595642
2000.58196721311	-4.06629580974959
2000.66666666667	-3.6987822593041
2000.74863387978	-2.13867731581436
2000.83333333333	-2.43021642239516
2000.91530054645	-2.4853054799196
2001	-2.95491523831909
2001.08493150685	-3.36234927803172
2001.16164383562	-4.20773052547113
2001.24657534247	-4.8202858938278
2001.32876712329	-4.97260477182518
2001.49589041096	-5.49233034002684
2001.58082191781	-4.3135675517567
2001.66575342466	-2.91996035332247
2001.83287671233	-1.84090210246225
2002	-2.9241598931934
2002.16164383562	-3.64669565372351
2002.24657534247	-4.79134340224854
2002.49589041096	-5.25766370534483
2002.58082191781	-5.8900898699589
2002.66575342466	-4.22873792539422
2002.83287671233	-1.75401463873449
2002.91506849315	-2.39899687309518
2003	-2.60230990423896
2003.08493150685	-2.95484776740052
2003.16164383562	-3.24845014097728
2003.24657534247	-3.65707649159516
2003.32876712329	-4.90685396158593
2003.49589041096	-4.43820229900635
2003.58082191781	-3.70978814598157
2003.66575342466	-2.11858206815374
2003.74794520548	-0.630192388206217
2003.83287671233	-0.341767537649368
2003.91506849315	0.0613137758754048
2004	-0.825478566962613
2004.08469945355	-0.958692596566019
2004.16393442623	-1.1101867787851
2004.24863387978	-2.02979444763899
2004.3306010929	-2.9363402805776
2004.49726775956	-5.50231110166937
2004.58196721311	-4.18813964952271
2004.83333333333	-0.507770984271072
2004.91530054645	-0.856006085329912
2005	-0.999939130271854
2005.08493150685	-1.50509756409181
2005.16164383562	-1.60138901198467
2005.24657534247	-2.06577314914587
2005.32876712329	-2.79025279836432
2005.41369863014	-4.23115809050498
2005.49589041096	-5.38315480705929
2005.66575342466	-2.49559042015875
2005.74794520548	-1.47802196562523
2005.83287671233	-1.50337543486657
2005.91506849315	-1.46915249515781
2006	-2.14177421037623
2006.08493150685	-2.42649412863017
2006.16164383562	-2.84216590687032
2006.24657534247	-2.99103510330183
2006.32876712329	-3.72245365984723
2006.41369863014	-5.63973956858292
2006.66575342466	-1.87644305448349
2006.74794520548	-0.182109183566625
2006.83287671233	-1.16921604894911
2006.91506849315	-0.675455690548493
2007	-1.13247219462794
2007.08493150685	-1.71552990116746
2007.16164383562	-2.6693439782818
2007.24657534247	-3.17910982281184
2007.32876712329	-3.6854293540152
2007.41369863014	-4.17245830112646
2007.49589041096	-5.09408450837853
2007.58082191781	-4.32846944726248
2007.66575342466	-2.13118919995771
2007.74794520548	-0.736840744341528
2007.83287671233	-1.01353491109144
2007.91506849315	-1.79636514068047
2008	-2.80815232800441
2008.08469945355	-3.30559462448509
2008.16393442623	-3.95290854070844
2008.24863387978	-4.8494491236077
2008.3306010929	-5.15228101376177
2008.41530054645	-5.23771853990703
2008.49726775956	-4.30087839004535
2008.66666666667	-3.18554010885163
2008.74863387978	-0.619714896338626
2008.83333333333	-0.595698594053488
2008.91530054645	-0.885354738382783
2009	-1.1091746664803
2009.08493150685	-2.01558390916035
2009.16164383562	-2.42065719533994
2009.24657534247	-3.19966183645085
2009.32876712329	-3.51423085084461
2009.41369863014	-4.97148697588919
2009.49589041096	-5.3418035018777
2009.58082191781	-4.9803663019873
2009.66575342466	-3.45118864526808
2009.74794520548	-1.95283848543364
2009.83287671233	-1.7837042289433
2009.91506849315	-1.76468480919554
2010	-2.00404435685117
2010.08493150685	-1.22140231082128
2010.16164383562	-1.81723054392471
2010.24657534247	-2.61088058071237
2010.32876712329	-2.89984821415249
2010.58082191781	-2.43597161091987
2010.74794520548	-0.841988688433477
2010.83287671233	-1.35012463966155
2010.91506849315	-1.67374794740039
2011	-2.2076131396589
2011.08493150685	-3.23298172176484
2011.16164383562	-3.36667534769443
2011.24657534247	-4.2104417476717
2011.32876712329	-4.97700026738306
2011.41369863014	-5.27223619161438
2011.58082191781	-2.45619568650408
2011.66575342466	-0.499192385209301
2011.74794520548	-0.717177545448813
2011.83287671233	-1.12204241155788
2011.91506849315	-1.56905967091374
2012	-2.03109888953956
2012.16393442623	-3.61273531162514
2012.24863387978	-4.47605470868685
2012.3306010929	-4.74327895251829
2012.41530054645	-5.50031136148318
2012.74863387978	-2.45351888854498
2012.83333333333	-2.59697340462693
2012.91530054645	-2.9489757191186
2013	-3.80145268484184
2013.08493150685	-3.67920348681174
2013.16164383562	-4.35303502831982
2013.24657534247	-4.27178410769829
2013.32876712329	-4.60836932684621
2013.41369863014	-5.33751315853068
2013.49589041096	-5.50031136148318
2013.74794520548	-0.196060339701511
2013.83287671233	-0.683040093105039
2013.91506849315	-0.881437300619998
2014	-1.28675785827895
2014.08493150685	-1.9339329860625
2014.16164383562	-2.45630274254155
2014.24657534247	-3.16669383164137
2014.32876712329	-4.38196084450443
2014.41369863014	-5.20332253713317
2014.49589041096	-3.42567751523945
2014.58082191781	-4.28119182278331
2014.66575342466	-3.06580231577125
2014.74794520548	-1.00479941087745
2014.83287671233	-0.578903169609325
2014.91506849315	-0.538896099165036
2015	-1.12293212527023
2015.08493150685	-1.33615233569732
2015.16164383562	-1.58022235470326
2015.24657534247	-2.58146081676274
2015.32876712329	-4.05213768915533
2015.41369863014	-5.04031895109015
2015.49589041096	-5.50031136148318
2015.58082191781	-5.28237484809889
2015.66575342466	-5.09272268629001
2015.74794520548	-3.67668701844152
2015.83287671233	-2.10314220822696
2015.91506849315	-2.09892286232488
2016	-2.45337610454121
2016.08469945355	-2.56369982122765
2016.16393442623	-2.98381018472809
2016.24863387978	-3.89021350994947
2016.3306010929	-4.59896210766525
2016.41530054645	-5.07543168211777
2016.49726775956	-5.46782316801613
2016.58196721311	-3.85416472925971
2016.66666666667	-3.75849036699937
2016.74863387978	-2.02375457922052
2016.83333333333	-2.13679659113755
2016.91530054645	-2.10673096439052
2017	-2.17452771443654
2017.08493150685	-2.45612431513379
2017.16164383562	-2.82604926383583
2017.24657534247	-3.59903078637298
2017.32876712329	-4.90241271587183
2017.41369863014	-5.28725411055884
2017.49589041096	-5.11911118400762
2017.58082191781	-4.14619751831358
2017.66575342466	-1.73885173981394
2017.74794520548	-1.02715640080928
2017.83287671233	-1.05118131541556
2017.91506849315	-1.24580301560849
2018	-1.33762180636515
2018.08493150685	-1.97159719305175
2018.16164383562	-2.76366214232416
2018.24657534247	-3.75794439959336
2018.32876712329	-4.61456122003783
2018.41369863014	-5.42901891774844
2018.49589041096	-5.03505130020864
2018.58082191781	-5.24001737628075
2018.66575342466	-3.17172168819819
2018.74794520548	-2.05547991547855
2018.83287671233	-0.740344392923732
2018.91506849315	-0.92409182842695
2019	-1.39249400584836
2019.08493150685	-1.76437900162271
2019.16164383562	-2.61375768938323
2019.24657534247	-3.30811310904777
2019.32876712329	-4.68377667895752
2019.41369863014	-5.41725004321795
2019.49589041096	-5.25933179720831
2019.58082191781	-4.33477289586947
2019.66575342466	-4.21693229552692
2019.74794520548	-3.67463020213514
2019.83287671233	-1.18533044619273
2019.91506849315	-1.12847113686055
2020	-1.35512200188276
2020.08469945355	-1.55858693530044
2020.16393442623	-1.95824447236107
2020.24863387978	-2.81600821942565
2020.3306010929	-4.34782728419689
2020.41530054645	-5.57695530798254
2020.49726775956	-5.57695530798254
2020.58196721311	-5.41646980357594
2020.66666666667	-2.76466247644849
