tDec	storage
1992.74863387978	0
1993.49589041096	0.165088429819466
1993.58082191781	-0.288317500187827
1993.66575342466	0.527523725423785
1993.74794520548	0.338608459483876
1994.49589041096	-0.252294539658289
1994.58082191781	-0.271692112263841
1994.66575342466	-0.462822609120045
1994.74794520548	-0.273077600140457
1995.41369863014	-1.00905712418851
1995.49589041096	-0.500429646090863
1995.58082191781	0.205402344886475
1995.66575342466	-0.284953250969997
1995.74794520548	0.146512995541643
1995.83287671233	0.048392369567281
1995.91506849315	0.637646555440719
1996.08469945355	-0.480847955297962
1996.16393442623	-1.02860062401755
1996.24863387978	0.0680136658023551
1996.3306010929	-0.539588784234661
1996.41530054645	-0.85265820426278
1996.49726775956	0.0680136658023512
1996.66666666667	0.185771147292641
1996.74863387978	0.421438874119803
1996.83333333333	0.185771147292641
1996.91530054645	0.0680136658023512
1997	0.480387631627886
1997.16164383562	0.40179211724333
1997.32876712329	0.972122345559887
1997.41369863014	-0.108527079026958
1997.49589041096	0.362502846930629
1997.58082191781	0.539349119456674
1997.66575342466	0.75565015646449
1997.74794520548	0.676975431195597
1997.83287671233	0.46073663131119
1998.08493150685	0.676975431195597
1998.16164383562	-0.128135644941332
1998.24657534247	0.972122345559897
1998.58082191781	1.12966416538822
1998.66575342466	1.9977623396544
1998.74794520548	2.23499165248708
1998.83287671233	1.7804810679529
1998.91506849315	1.68177343274638
1999.08493150685	1.95824392356914
1999.24657534247	3.04706197060334
1999.41369863014	1.56337094834256
1999.49589041096	1.85947263675914
1999.58082191781	2.11635153542845
1999.66575342466	2.53181472574316
1999.74794520548	2.551614246468
1999.91506849315	2.39325768611506
2000	2.45263078764639
2000.08469945355	2.57141518167292
2000.16393442623	1.9977623396544
2000.24863387978	3.46392125275452
2000.3306010929	1.9977623396544
2000.49726775956	2.02818389647764
2000.58196721311	3.14625760143658
2000.66666666667	3.16610097104202
2000.74863387978	3.62288886850092
2000.83333333333	3.08673597949532
2000.91530054645	3.02722708787657
2001.32876712329	2.78931882460671
2001.41369863014	3.09628836049486
2001.49589041096	3.5433937447871
2001.58082191781	4.59854083637626
2001.66575342466	4.718241813493
2001.83287671233	4.41908484810729
2001.91506849315	3.82172569138999
2002	5.03769336762885
2002.08493150685	3.5433937447871
2002.49589041096	4.97776861886732
2002.58082191781	5.05767111284345
2002.66575342466	5.39750919693629
2002.74794520548	5.69770580517711
2002.83287671233	5.5575744492228
2002.91506849315	5.25752636138829
2003.08493150685	4.75815345503799
2003.16164383562	4.61848746302917
2003.24657534247	5.27751966588375
2003.32876712329	5.47753050723893
2003.41369863014	5.59760490709429
2003.49589041096	6.27898835273346
2003.74794520548	7.20346271664631
2003.83287671233	7.04246956542898
2004.08469945355	6.49978602190573
2004.16393442623	6.45962826082727
2004.41530054645	6.62029325266663
2004.58196721311	7.8483405887652
2004.66666666667	8.53428817580193
2004.74863387978	8.21172090786784
2004.83333333333	8.69694089796253
2005.16164383562	6.98212047264421
2005.32876712329	7.36454639458859
2005.41369863014	7.76765164386599
2005.49589041096	7.84883716419258
2005.58082191781	8.15137719060878
2005.66575342466	9.29016563002374
2005.74794520548	8.79813094570499
2005.83287671233	8.73741267362002
2006.16164383562	7.90887214948178
2006.41369863014	8.4340122680019
2006.49589041096	8.35705728793453
2006.58082191781	8.27276785402984
2006.66575342466	8.72736475521298
2006.74794520548	8.46281102910272
2006.83287671233	8.33294952346641
2007.16164383562	7.58618426492687
2007.24657534247	8.09054321355022
2007.32876712329	7.74748294384092
2007.49589041096	7.50957175660773
2007.58082191781	7.98960069982314
2007.66575342466	8.63624384307871
2007.74794520548	8.53511037453934
2007.83287671233	8.1511256955496
2007.91506849315	7.76765164386599
2008.08469945355	7.70714978723286
2008.16393442623	7.54587374000004
2008.24863387978	7.22359322570927
2008.3306010929	7.34440598416507
2008.41530054645	7.66682228854327
2008.49726775956	8.55533423928742
2008.58196721311	8.83861686616141
2008.66666666667	9.18297562858182
2008.74863387978	9.30461161444454
2008.83333333333	9.00061712719574
2008.91530054645	8.91960568083888
2009	8.21172090786784
2009.08493150685	8.05016196461952
2009.16164383562	8.09054321355022
2009.41369863014	8.49466688848523
2009.49589041096	8.39358292674858
2009.58082191781	8.73741267362001
2009.66575342466	8.8993563554494
2009.74794520548	8.96010857505623
2009.83287671233	8.4542290603496
2010	8.07035188184576
2010.16164383562	7.16320594196059
2010.24657534247	8.02997346187338
2010.32876712329	7.80799328735636
2010.41369863014	7.44512218108159
2010.49589041096	7.90887214948178
2010.58082191781	8.43401226800191
2010.66575342466	9.07952449781738
2010.74794520548	8.55533423928743
2010.83287671233	8.9398564207066
2010.91506849315	8.71717607855123
2011	8.25212478847978
2011.16164383562	6.82125179567188
2011.24657534247	8.19152108928108
2011.32876712329	8.13093012040307
2011.41369863014	8.6767071318539
2011.49589041096	8.77789010719598
2011.58082191781	9.22351529928304
2011.66575342466	9.38573056128729
2011.74794520548	8.55533423928743
2011.83287671233	8.81837319869409
2011.91506849315	8.15112569554961
2012	7.42497611273777
2012.08469945355	8.05016196461953
2012.16393442623	7.82816623081982
2012.24863387978	7.86851636119065
2012.3306010929	8.29253432701386
2012.41530054645	8.43401226800191
2012.49726775956	8.61601432041032
2012.58196721311	9.00061712719575
2012.66666666667	9.32488922943558
2012.74863387978	9.2872987391692
2012.83333333333	8.87910844454
2012.91530054645	8.49466688848524
2013	7.8483405887652
2013.08493150685	7.4451221810816
2013.16164383562	8.47444726717739
2013.24657534247	7.86851636119065
2013.32876712329	8.41379689013613
2013.41369863014	8.5755595185156
2013.49589041096	8.35315924341373
2013.58082191781	8.61601432041032
2013.66575342466	8.8183731986941
2013.74794520548	8.75765068316704
2013.83287671233	8.9398564207066
2013.91506849315	8.53511037453934
2014	8.29253432701386
2014.08493150685	8.11073595973661
2014.16164383562	7.78782175837114
2014.24657534247	8.05016196461953
2014.32876712329	8.23192214093469
2014.41369863014	8.43401226800191
2014.49589041096	8.19152108928108
2014.58082191781	8.595786212222
2014.66575342466	9.06139056400374
2014.74794520548	9.10191326094218
2014.83287671233	8.9398564207066
2014.91506849315	8.6767071318539
2015	8.91960568083888
2015.16164383562	8.47444726717739
2015.24657534247	8.49466688848524
2015.32876712329	8.47444726717739
2015.41369863014	8.595786212222
2015.49589041096	8.6767071318539
2015.58082191781	8.85886194811067
2015.66575342466	8.81837319869409
2015.74794520548	8.69694089796253
2015.83287671233	8.41379689013613
2015.91506849315	8.09054321355023
2016	7.9492335956914
2016.08469945355	7.68698533064804
2016.16393442623	7.96941644051723
2016.24863387978	7.90887214948178
2016.3306010929	8.1511256955496
2016.41530054645	8.13093012040307
2016.49726775956	8.55533423928743
2016.58196721311	8.798130945705
2016.66666666667	8.87910844454
2016.74863387978	8.91960568083888
2016.83333333333	8.55533423928743
2016.91530054645	8.35315924341372
2017	8.13093012040307
2017.08493150685	7.94923359569139
2017.16164383562	7.34440598416508
2017.24657534247	7.66682228854328
2017.32876712329	7.90887214948178
2017.41369863014	8.00978637360731
2017.49589041096	8.31274121800102
2017.58082191781	8.51488792427133
2017.66575342466	8.65647478022719
2017.74794520548	8.6767071318539
2017.83287671233	8.47444726717739
2017.91506849315	8.07035188184576
2018	7.80799328735636
2018.08493150685	7.1632059419606
2018.16164383562	7.42497611273777
2018.24657534247	7.4652696639055
2018.32876712329	7.58618426492688
2018.41369863014	7.70714978723287
2018.49589041096	7.86851636119065
2018.58082191781	8.47444726717739
2018.66575342466	8.96010857505624
2018.74794520548	8.91960568083888
2018.83287671233	8.6767071318539
2018.91506849315	8.47444726717739
2019	8.02997346187338
2019.08493150685	7.08270936635193
2019.16164383562	7.82816623081983
2019.24657534247	7.96941644051724
2019.32876712329	8.25212478847978
2019.41369863014	8.27232885050678
2019.49589041096	8.61601432041032
2019.58082191781	8.96010857505624
2019.66575342466	9.2032447566924
2019.74794520548	9.24378725635377
2019.83287671233	8.96010857505624
2019.91506849315	8.65647478022719
2020	7.92905216534564
2020.08469945355	7.32426698822165
2020.16393442623	8.13093012040308
2020.24863387978	8.43401226800192
2020.3306010929	8.4744472671774
2020.41530054645	8.59578621222201
2020.49726775956	9.02087352498378
2020.58196721311	9.44658462345972
2020.66666666667	9.62922319190298
